93.33333333333333
74.46808510638297
65.21739130434783
47.368421052631575
47.560975609756106
39.75903614457832
36.39455782312926
34.76297968397291
31.91823899371069
26.596758817921835
27.68791627021884
28.884826325411332
16.14656109299798
12.609673790776151
11.44655704008222
9.712676989318542
8.300194740373444
7.097830104007179
7.597576788764862
6.18373743332775
6.0123528456528925
5.261346408620949
5.282291630307281
4.681330447208929
4.428915571182842
4.622433322316453
5.373746785347066
4.808528402472594
4.817005689627398
4.886835620818554
4.628771088019779
4.63819831913296
4.2775988666931415
4.4969574721684715
4.14133570615349
4.150801949140838
3.9452179863727497
3.8086223938203148
3.7357491907953255
3.800862830896793
3.653506508569483
3.6902567146900758
3.5000413297727877
3.4930799654858924
3.3676091974282847
3.3444294781684154
3.3374636507370172
3.3517979206639827
3.0722475201149875
3.1098711691626497
3.0586959616320777
3.0456131397226165
2.985729117206877
2.927895290037693
2.9074266863553935
2.7931930073722855
2.7469304960800076
2.7016014006111475
2.6948937875591596
2.621612138450578
2.56748486216418
2.537329967313023
2.5388494540606517
2.467559050967921
2.388911910655837
2.3828403585842715
2.283441913413572
2.346616511546983
2.2209617100008026
2.3126484243479792
2.2357298023584478
2.2330717355865923
2.1575789864104644
2.0920347538350224
2.5857209844271734
2.1318879818460035
2.134368038840615
2.07820028411209
2.0589696671707967
2.044704643143598
1.9966392992755464
1.953639847048632
1.9767716017261683
1.9733185384328475
1.9262112453378426
1.939738153011947
1.9390707215605465
1.881785845418115
1.8952031861204865
1.8295331940567565
1.918699724087342
1.8134306501797937
1.7721906327562578
1.8238904403527871
1.7513391456926553
1.7463460459820082
1.7124812351316743
1.745204042074678
1.718197902482009
1.7377924671656422
1.5398064440786754
1.7010203888070303
1.6632015012639865
1.6336866582178013
1.6252070477351506
1.5977405506078963
1.7780603159220956
1.5973865343997171
1.5643910209968248
1.5579081455664363
1.5884396706495902
