CLOCK --> C
Ejecutando Prueba nº 71
% time     seconds  usecs/call     calls    errors syscall
------ ----------- ----------- --------- --------- ----------------
 95,28    0,068750          11      6006           brk
  2,93    0,002116           2      1039      1034 openat
  1,40    0,001008           1       752       658 stat
  0,17    0,000121           5        24           mmap
  0,07    0,000049          49         1           write
  0,05    0,000036           5         7           mprotect
  0,02    0,000015           2         6           fstat
  0,02    0,000013          13         1           munmap
  0,02    0,000012           3         4           read
  0,02    0,000012           2         6           pread64
  0,01    0,000010           2         5           close
  0,01    0,000008           4         2           clock_gettime
  0,00    0,000002           1         2         1 arch_prctl
  0,00    0,000000           0         1         1 access
  0,00    0,000000           0         1           execve
------ ----------- ----------- --------- --------- ----------------
100.00    0,072152                  7857      1694 total

GETIME --> C
Ejecutando Prueba nº 71

% time     seconds  usecs/call     calls    errors syscall
------ ----------- ----------- --------- --------- ----------------
 91,84    0,064122          10      6006           brk
  4,95    0,003459           3      1039      1034 openat
  2,87    0,002001           2       752       658 stat
  0,18    0,000123           5        24           mmap
  0,05    0,000037           5         7           mprotect
  0,04    0,000026           4         6           fstat
  0,02    0,000014           3         4           read
  0,02    0,000014          14         1           munmap
  0,02    0,000013           2         6           pread64
  0,02    0,000011           2         5           close
  0,00    0,000001           0         2         1 arch_prctl
  0,00    0,000000           0         1           write
  0,00    0,000000           0         1         1 access
  0,00    0,000000           0         1           execve
------ ----------- ----------- --------- --------- ----------------
100.00    0,069821                  7855      1694 total

CLOCK --> LV
Ejecutando Prueba nº 71
% time     seconds  usecs/call     calls    errors syscall
------ ----------- ----------- --------- --------- ----------------
 91,11    0,049068        8178         6           munmap
  5,48    0,002949           2      1039      1034 openat
  2,93    0,001580           2       752       658 stat
  0,24    0,000130           4        29           mmap
  0,08    0,000042           6         7           mprotect
  0,04    0,000019          19         1           write
  0,03    0,000015           2         6           fstat
  0,03    0,000014           2         6           pread64
  0,02    0,000012           3         4           read
  0,02    0,000010           2         5           close
  0,01    0,000008           4         2           clock_gettime
  0,01    0,000005           1         3           brk
  0,00    0,000002           1         2         1 arch_prctl
  0,00    0,000000           0         1         1 access
  0,00    0,000000           0         1           execve
------ ----------- ----------- --------- --------- ----------------
100.00    0,053854                  1864      1694 total


GETIME --> LV
Ejecutando Prueba nº 71

% time     seconds  usecs/call     calls    errors syscall
------ ----------- ----------- --------- --------- ----------------
 89,64    0,054994        9165         6           munmap
  6,13    0,003759           3      1039      1034 openat
  3,85    0,002362           3       752       658 stat
  0,20    0,000121           4        29           mmap
  0,07    0,000040           5         7           mprotect
  0,03    0,000017          17         1           write
  0,03    0,000016           2         6           fstat
  0,02    0,000014           2         6           pread64
  0,02    0,000012           3         4           read
  0,02    0,000010           2         5           close
  0,01    0,000006           2         3           brk
  0,00    0,000002           1         2         1 arch_prctl
  0,00    0,000000           0         1         1 access
  0,00    0,000000           0         1           execve
------ ----------- ----------- --------- --------- ----------------
100.00    0,061353                  1862      1694 total
