97.72727272727273
89.65517241379311
78.26086956521738
51.28205128205129
39.57219251336898
35.76826196473551
27.6595744680851
22.35576923076923
18.042071197411
24.594453165881735
14.234234234234233
14.968652037617556
6.084867894315452
4.440893605474992
2.8653295128939833
2.2288040464694823
1.94759600811882
1.4402479289783368
1.0708771112349973
0.7944268729389075
0.7386413194209647
0.5588053375344585
0.5414058383816769
0.45372986998494436
0.42263618107240186
0.3627746217211276
0.30286277431915964
0.24046251190771073
0.20123287156720487
0.18691385947516223
0.1789426160177885
0.14914458304959632
0.14717869325116423
0.13376219944728876
0.12305191435201071
0.11704451040498688
0.10955084790136811
0.10322125370826714
0.09708877906392355
0.09433644061260056
0.09259203700507876
0.08138522684232755
0.07963086410304693
0.07696356518811465
0.07571408875301928
0.07029029913154841
0.06768703513905806
0.06495881504509259
0.06185044078100751
0.05926302164441172
0.05776346167878446
0.05505008992674706
0.05368658302492992
0.05196858010980904
0.050836188517422
0.04903323615211261
0.047863430985113274
0.04656109068299915
0.04605537899781677
0.04626059232295478
0.044347036846293895
0.04218476156396985
0.04075669700033868
0.03976429152329741
0.039203282159008285
0.03776490197417214
0.03737130614732005
0.036493086502945485
0.035159851985650505
0.03513382075617433
0.024297184864249054
