
Ejecutando Prueba nº 1

% time     seconds  usecs/call     calls    errors syscall
------ ----------- ----------- --------- --------- ----------------
 58,39    0,006400           6      1039      1034 openat
 39,31    0,004308           5       752       658 stat
  1,41    0,000154           6        24           mmap
  0,28    0,000031           4         7           mprotect
  0,19    0,000021           3         6           pread64
  0,16    0,000018           3         6           fstat
  0,12    0,000013           3         4           read
  0,12    0,000013           2         5           close
  0,02    0,000002           1         2         1 arch_prctl
  0,00    0,000000           0         1           write
  0,00    0,000000           0         1           munmap
  0,00    0,000000           0         3           brk
  0,00    0,000000           0         1         1 access
  0,00    0,000000           0         1           execve
------ ----------- ----------- --------- --------- ----------------
100.00    0,010960                  1852      1694 total

Ejecutando Prueba nº 2

% time     seconds  usecs/call     calls    errors syscall
------ ----------- ----------- --------- --------- ----------------
 68,39    0,001497           1      1039      1034 openat
 21,93    0,000480           0       752       658 stat
  4,39    0,000096           4        24           mmap
  1,51    0,000033           4         7           mprotect
  0,69    0,000015          15         1           write
  0,64    0,000014           2         6           fstat
  0,59    0,000013          13         1           munmap
  0,55    0,000012           3         4           read
  0,55    0,000012           2         6           pread64
  0,46    0,000010           2         5           close
  0,27    0,000006           2         3           brk
  0,05    0,000001           0         2         1 arch_prctl
  0,00    0,000000           0         1         1 access
  0,00    0,000000           0         1           execve
------ ----------- ----------- --------- --------- ----------------
100.00    0,002189                  1852      1694 total

Ejecutando Prueba nº 3

% time     seconds  usecs/call     calls    errors syscall
------ ----------- ----------- --------- --------- ----------------
 66,39    0,001511           1      1039      1034 openat
 21,62    0,000492           0       752       658 stat
  4,61    0,000105           4        24           mmap
  1,93    0,000044           8         5           close
  1,63    0,000037           5         7           mprotect
  1,23    0,000028          28         1           write
  0,62    0,000014           2         6           pread64
  0,57    0,000013           2         6           fstat
  0,57    0,000013          13         1           munmap
  0,53    0,000012           3         4           read
  0,22    0,000005           1         3           brk
  0,09    0,000002           1         2         1 arch_prctl
  0,00    0,000000           0         1         1 access
  0,00    0,000000           0         1           execve
------ ----------- ----------- --------- --------- ----------------
100.00    0,002276                  1852      1694 total

Ejecutando Prueba nº 4

% time     seconds  usecs/call     calls    errors syscall
------ ----------- ----------- --------- --------- ----------------
 59,15    0,003015           2      1039      1034 openat
 36,24    0,001847           2       752       658 stat
  1,92    0,000098           4        24           mmap
  0,69    0,000035           5         7           mprotect
  0,67    0,000034          34         1           write
  0,27    0,000014           2         6           fstat
  0,27    0,000014          14         1           munmap
  0,24    0,000012           2         6           pread64
  0,22    0,000011           2         4           read
  0,20    0,000010           2         5           close
  0,10    0,000005           1         3           brk
  0,04    0,000002           1         2         1 arch_prctl
  0,00    0,000000           0         1         1 access
  0,00    0,000000           0         1           execve
------ ----------- ----------- --------- --------- ----------------
100.00    0,005097                  1852      1694 total

Ejecutando Prueba nº 5

% time     seconds  usecs/call     calls    errors syscall
------ ----------- ----------- --------- --------- ----------------
 63,08    0,002317           2      1039      1034 openat
 30,68    0,001127           1       752       658 stat
  2,94    0,000108           4        24           mmap
  1,06    0,000039           5         7           mprotect
  0,41    0,000015           2         6           fstat
  0,35    0,000013          13         1           write
  0,35    0,000013          13         1           munmap
  0,35    0,000013           2         6           pread64
  0,30    0,000011           2         4           read
  0,27    0,000010           2         5           close
  0,14    0,000005           1         3           brk
  0,05    0,000002           1         2         1 arch_prctl
  0,00    0,000000           0         1         1 access
  0,00    0,000000           0         1           execve
------ ----------- ----------- --------- --------- ----------------
100.00    0,003673                  1852      1694 total

Ejecutando Prueba nº 6

% time     seconds  usecs/call     calls    errors syscall
------ ----------- ----------- --------- --------- ----------------
 69,62    0,002250           2      1039      1034 openat
 20,88    0,000675           0       752       658 stat
  4,55    0,000147           6        24           mmap
  1,27    0,000041           5         7           mprotect
  0,65    0,000021           3         6           pread64
  0,62    0,000020           3         6           fstat
  0,53    0,000017           2         6           brk
  0,46    0,000015           3         4           read
  0,46    0,000015          15         1           write
  0,46    0,000015          15         1           munmap
  0,43    0,000014           2         5           close
  0,06    0,000002           1         2         1 arch_prctl
  0,00    0,000000           0         1         1 access
  0,00    0,000000           0         1           execve
------ ----------- ----------- --------- --------- ----------------
100.00    0,003232                  1855      1694 total

Ejecutando Prueba nº 7

% time     seconds  usecs/call     calls    errors syscall
------ ----------- ----------- --------- --------- ----------------
 62,80    0,002428           2      1039      1034 openat
 30,63    0,001184           1       752       658 stat
  2,53    0,000098           4        24           mmap
  1,27    0,000049           7         7           mprotect
  0,80    0,000031           5         6           brk
  0,36    0,000014          14         1           write
  0,36    0,000014          14         1           munmap
  0,34    0,000013           2         6           fstat
  0,31    0,000012           2         6           pread64
  0,28    0,000011           2         4           read
  0,26    0,000010           2         5           close
  0,05    0,000002           1         2         1 arch_prctl
  0,00    0,000000           0         1         1 access
  0,00    0,000000           0         1           execve
------ ----------- ----------- --------- --------- ----------------
100.00    0,003866                  1855      1694 total

Ejecutando Prueba nº 8

% time     seconds  usecs/call     calls    errors syscall
------ ----------- ----------- --------- --------- ----------------
 62,10    0,002936           2      1039      1034 openat
 32,91    0,001556           2       752       658 stat
  2,09    0,000099           4        24           mmap
  0,80    0,000038           5         7           mprotect
  0,38    0,000018          18         1           write
  0,38    0,000018           3         5           brk
  0,32    0,000015           2         6           fstat
  0,27    0,000013          13         1           munmap
  0,25    0,000012           2         6           pread64
  0,23    0,000011           2         4           read
  0,21    0,000010           2         5           close
  0,04    0,000002           1         2         1 arch_prctl
  0,00    0,000000           0         1         1 access
  0,00    0,000000           0         1           execve
------ ----------- ----------- --------- --------- ----------------
100.00    0,004728                  1854      1694 total

Ejecutando Prueba nº 9

% time     seconds  usecs/call     calls    errors syscall
------ ----------- ----------- --------- --------- ----------------
 59,68    0,003243           3      1039      1034 openat
 35,50    0,001929           2       752       658 stat
  2,19    0,000119           4        24           mmap
  0,72    0,000039           5         7           mprotect
  0,35    0,000019           3         5           brk
  0,29    0,000016          16         1           write
  0,28    0,000015          15         1           munmap
  0,24    0,000013           2         6           fstat
  0,24    0,000013           2         6           pread64
  0,18    0,000010           2         4           read
  0,17    0,000009           1         5           close
  0,09    0,000005           5         1         1 access
  0,07    0,000004           2         2         1 arch_prctl
  0,00    0,000000           0         1           execve
------ ----------- ----------- --------- --------- ----------------
100.00    0,005434                  1854      1694 total

Ejecutando Prueba nº 10

% time     seconds  usecs/call     calls    errors syscall
------ ----------- ----------- --------- --------- ----------------
 76,99    0,001489           1      1039      1034 openat
  7,55    0,000146           0       752       658 stat
  6,20    0,000120           5        24           mmap
  2,02    0,000039           5         7           mprotect
  1,86    0,000036           5         7           brk
  1,45    0,000028          28         1           write
  1,03    0,000020           3         6           pread64
  0,78    0,000015           3         4           read
  0,72    0,000014           2         6           fstat
  0,72    0,000014          14         1           munmap
  0,57    0,000011           2         5           close
  0,10    0,000002           1         2         1 arch_prctl
  0,00    0,000000           0         1         1 access
  0,00    0,000000           0         1           execve
------ ----------- ----------- --------- --------- ----------------
100.00    0,001934                  1856      1694 total

Ejecutando Prueba nº 11

% time     seconds  usecs/call     calls    errors syscall
------ ----------- ----------- --------- --------- ----------------
 62,82    0,002433           2      1039      1034 openat
 32,74    0,001268           1       752       658 stat
  2,63    0,000102           4        24           mmap
  0,54    0,000021           3         7           mprotect
  0,36    0,000014           2         6           pread64
  0,31    0,000012           2         6           fstat
  0,28    0,000011           2         4           read
  0,26    0,000010           2         5           close
  0,05    0,000002           1         2         1 arch_prctl
  0,00    0,000000           0         1           write
  0,00    0,000000           0         1           munmap
  0,00    0,000000           0         7           brk
  0,00    0,000000           0         1         1 access
  0,00    0,000000           0         1           execve
------ ----------- ----------- --------- --------- ----------------
100.00    0,003873                  1856      1694 total

Ejecutando Prueba nº 12

% time     seconds  usecs/call     calls    errors syscall
------ ----------- ----------- --------- --------- ----------------
 55,05    0,002130           2      1039      1034 openat
 43,58    0,001686           2       752       658 stat
  0,47    0,000018           2         7           mprotect
  0,39    0,000015           0        24           mmap
  0,21    0,000008           8         1           munmap
  0,18    0,000007           1         7           brk
  0,05    0,000002           0         4           read
  0,03    0,000001           0         5           close
  0,03    0,000001           0         6           fstat
  0,03    0,000001           0         2         1 arch_prctl
  0,00    0,000000           0         1           write
  0,00    0,000000           0         6           pread64
  0,00    0,000000           0         1         1 access
  0,00    0,000000           0         1           execve
------ ----------- ----------- --------- --------- ----------------
100.00    0,003869                  1856      1694 total

Ejecutando Prueba nº 13

% time     seconds  usecs/call     calls    errors syscall
------ ----------- ----------- --------- --------- ----------------
  0,00    0,000000           0         4           read
  0,00    0,000000           0         1           write
  0,00    0,000000           0         5           close
  0,00    0,000000           0       752       658 stat
  0,00    0,000000           0         6           fstat
  0,00    0,000000           0        24           mmap
  0,00    0,000000           0         7           mprotect
  0,00    0,000000           0         1           munmap
  0,00    0,000000           0        12           brk
  0,00    0,000000           0         6           pread64
  0,00    0,000000           0         1         1 access
  0,00    0,000000           0         1           execve
  0,00    0,000000           0         2         1 arch_prctl
  0,00    0,000000           0      1039      1034 openat
------ ----------- ----------- --------- --------- ----------------
100.00    0,000000                  1861      1694 total

Ejecutando Prueba nº 14

% time     seconds  usecs/call     calls    errors syscall
------ ----------- ----------- --------- --------- ----------------
 60,59    0,002521           2      1039      1034 openat
 33,69    0,001402           1       752       658 stat
  2,55    0,000106           4        24           mmap
  0,91    0,000038           1        21           brk
  0,84    0,000035           5         7           mprotect
  0,34    0,000014           2         6           pread64
  0,29    0,000012          12         1           munmap
  0,26    0,000011           1         6           fstat
  0,24    0,000010           2         4           read
  0,24    0,000010           2         5           close
  0,05    0,000002           1         2         1 arch_prctl
  0,00    0,000000           0         1           write
  0,00    0,000000           0         1         1 access
  0,00    0,000000           0         1           execve
------ ----------- ----------- --------- --------- ----------------
100.00    0,004161                  1870      1694 total

Ejecutando Prueba nº 15

% time     seconds  usecs/call     calls    errors syscall
------ ----------- ----------- --------- --------- ----------------
 78,35    0,000923           0      1039      1034 openat
  9,00    0,000106           3        34           brk
  6,28    0,000074           3        24           mmap
  2,29    0,000027           3         7           mprotect
  1,19    0,000014          14         1           munmap
  1,02    0,000012           2         6           pread64
  0,68    0,000008           2         4           read
  0,51    0,000006           1         5           close
  0,51    0,000006           1         6           fstat
  0,17    0,000002           1         2         1 arch_prctl
  0,00    0,000000           0         1           write
  0,00    0,000000           0       752       658 stat
  0,00    0,000000           0         1         1 access
  0,00    0,000000           0         1           execve
------ ----------- ----------- --------- --------- ----------------
100.00    0,001178                  1883      1694 total

Ejecutando Prueba nº 16

% time     seconds  usecs/call     calls    errors syscall
------ ----------- ----------- --------- --------- ----------------
 59,65    0,002921           2      1039      1034 openat
 33,27    0,001629           2       752       658 stat
  2,94    0,000144           2        50           brk
  2,16    0,000106           4        24           mmap
  0,71    0,000035           5         7           mprotect
  0,27    0,000013          13         1           munmap
  0,27    0,000013           2         6           pread64
  0,22    0,000011           2         4           read
  0,22    0,000011           2         5           close
  0,20    0,000010           1         6           fstat
  0,04    0,000002           2         1           write
  0,04    0,000002           1         2         1 arch_prctl
  0,00    0,000000           0         1         1 access
  0,00    0,000000           0         1           execve
------ ----------- ----------- --------- --------- ----------------
100.00    0,004897                  1899      1694 total

Ejecutando Prueba nº 17

% time     seconds  usecs/call     calls    errors syscall
------ ----------- ----------- --------- --------- ----------------
 77,32    0,000150           2        68           brk
 15,46    0,000030           4         7           mprotect
  6,70    0,000013          13         1           munmap
  0,52    0,000001           0         6           fstat
  0,00    0,000000           0         4           read
  0,00    0,000000           0         1           write
  0,00    0,000000           0         5           close
  0,00    0,000000           0       752       658 stat
  0,00    0,000000           0        24           mmap
  0,00    0,000000           0         6           pread64
  0,00    0,000000           0         1         1 access
  0,00    0,000000           0         1           execve
  0,00    0,000000           0         2         1 arch_prctl
  0,00    0,000000           0      1039      1034 openat
------ ----------- ----------- --------- --------- ----------------
100.00    0,000194                  1917      1694 total

Ejecutando Prueba nº 18

% time     seconds  usecs/call     calls    errors syscall
------ ----------- ----------- --------- --------- ----------------
 59,00    0,003324           3      1039      1034 openat
 34,38    0,001937           2       752       658 stat
  2,84    0,000160           1        92           brk
  2,06    0,000116           4        24           mmap
  0,66    0,000037           5         7           mprotect
  0,23    0,000013          13         1           munmap
  0,23    0,000013           2         6           pread64
  0,20    0,000011           2         5           close
  0,20    0,000011           1         6           fstat
  0,18    0,000010           2         4           read
  0,04    0,000002           1         2         1 arch_prctl
  0,00    0,000000           0         1           write
  0,00    0,000000           0         1         1 access
  0,00    0,000000           0         1           execve
------ ----------- ----------- --------- --------- ----------------
100.00    0,005634                  1941      1694 total

Ejecutando Prueba nº 19

% time     seconds  usecs/call     calls    errors syscall
------ ----------- ----------- --------- --------- ----------------
 59,29    0,002176           2      1039      1034 openat
 29,35    0,001077           1       752       658 stat
  5,20    0,000191           1       118           brk
  3,46    0,000127           5        24           mmap
  1,06    0,000039           5         7           mprotect
  0,35    0,000013          13         1           munmap
  0,35    0,000013           2         6           pread64
  0,30    0,000011           2         4           read
  0,27    0,000010           2         5           close
  0,27    0,000010           1         6           fstat
  0,05    0,000002           1         2         1 arch_prctl
  0,03    0,000001           1         1           write
  0,00    0,000000           0         1         1 access
  0,00    0,000000           0         1           execve
------ ----------- ----------- --------- --------- ----------------
100.00    0,003670                  1967      1694 total

Ejecutando Prueba nº 20

% time     seconds  usecs/call     calls    errors syscall
------ ----------- ----------- --------- --------- ----------------
 58,66    0,002391           2      1039      1034 openat
 28,56    0,001164           1       752       658 stat
  6,97    0,000284           1       147           brk
  2,92    0,000119           4        24           mmap
  1,20    0,000049           7         7           mprotect
  0,34    0,000014           2         6           fstat
  0,34    0,000014          14         1           munmap
  0,32    0,000013           3         4           read
  0,32    0,000013           2         6           pread64
  0,27    0,000011           2         5           close
  0,07    0,000003           1         2         1 arch_prctl
  0,02    0,000001           1         1           write
  0,00    0,000000           0         1         1 access
  0,00    0,000000           0         1           execve
------ ----------- ----------- --------- --------- ----------------
100.00    0,004076                  1996      1694 total

Ejecutando Prueba nº 21

% time     seconds  usecs/call     calls    errors syscall
------ ----------- ----------- --------- --------- ----------------
 56,57    0,002565           2      1039      1034 openat
 29,31    0,001329           1       752       658 stat
 10,08    0,000457           2       182           brk
  2,01    0,000091           3        24           mmap
  0,75    0,000034           4         7           mprotect
  0,29    0,000013           3         4           read
  0,26    0,000012          12         1           munmap
  0,26    0,000012           2         6           pread64
  0,22    0,000010           1         6           fstat
  0,20    0,000009           1         5           close
  0,04    0,000002           1         2         1 arch_prctl
  0,00    0,000000           0         1           write
  0,00    0,000000           0         1         1 access
  0,00    0,000000           0         1           execve
------ ----------- ----------- --------- --------- ----------------
100.00    0,004534                  2031      1694 total

Ejecutando Prueba nº 22

% time     seconds  usecs/call     calls    errors syscall
------ ----------- ----------- --------- --------- ----------------
 51,19    0,001634           7       214           brk
 35,34    0,001128           1      1039      1034 openat
  6,67    0,000213           0       752       658 stat
  3,16    0,000101           4        24           mmap
  1,10    0,000035           5         7           mprotect
  0,60    0,000019          19         1           write
  0,53    0,000017           2         6           fstat
  0,41    0,000013           2         6           pread64
  0,38    0,000012          12         1           munmap
  0,28    0,000009           2         4           read
  0,28    0,000009           1         5           close
  0,06    0,000002           1         2         1 arch_prctl
  0,00    0,000000           0         1         1 access
  0,00    0,000000           0         1           execve
------ ----------- ----------- --------- --------- ----------------
100.00    0,003192                  2063      1694 total

Ejecutando Prueba nº 23

% time     seconds  usecs/call     calls    errors syscall
------ ----------- ----------- --------- --------- ----------------
 57,41    0,002409           2      1039      1034 openat
 29,77    0,001249           1       752       658 stat
  7,55    0,000317           1       256           brk
  2,69    0,000113           4        24           mmap
  0,81    0,000034           4         7           mprotect
  0,57    0,000024           4         6           fstat
  0,31    0,000013           3         4           read
  0,31    0,000013           2         6           pread64
  0,26    0,000011           2         5           close
  0,24    0,000010          10         1           munmap
  0,07    0,000003           1         2         1 arch_prctl
  0,00    0,000000           0         1           write
  0,00    0,000000           0         1         1 access
  0,00    0,000000           0         1           execve
------ ----------- ----------- --------- --------- ----------------
100.00    0,004196                  2105      1694 total

Ejecutando Prueba nº 24

% time     seconds  usecs/call     calls    errors syscall
------ ----------- ----------- --------- --------- ----------------
 41,12    0,002525           2      1039      1034 openat
 34,85    0,002140           7       305           brk
 19,51    0,001198           1       752       658 stat
  2,10    0,000129           5        24           mmap
  0,77    0,000047           6         7           mprotect
  0,33    0,000020           3         6           fstat
  0,33    0,000020           3         6           pread64
  0,29    0,000018          18         1           write
  0,24    0,000015          15         1           munmap
  0,23    0,000014           3         4           read
  0,20    0,000012           2         5           close
  0,05    0,000003           1         2         1 arch_prctl
  0,00    0,000000           0         1         1 access
  0,00    0,000000           0         1           execve
------ ----------- ----------- --------- --------- ----------------
100.00    0,006141                  2154      1694 total

Ejecutando Prueba nº 25

% time     seconds  usecs/call     calls    errors syscall
------ ----------- ----------- --------- --------- ----------------
 61,18    0,003722          10       350           brk
 28,67    0,001744           1      1039      1034 openat
  5,21    0,000317           0       752       658 stat
  2,12    0,000129           5        24           mmap
  0,76    0,000046           6         7           mprotect
  0,58    0,000035           5         6           fstat
  0,38    0,000023          23         1           write
  0,31    0,000019           3         6           pread64
  0,26    0,000016           4         4           read
  0,25    0,000015           3         5           close
  0,25    0,000015          15         1           munmap
  0,05    0,000003           1         2         1 arch_prctl
  0,00    0,000000           0         1         1 access
  0,00    0,000000           0         1           execve
------ ----------- ----------- --------- --------- ----------------
100.00    0,006084                  2199      1694 total

Ejecutando Prueba nº 26

% time     seconds  usecs/call     calls    errors syscall
------ ----------- ----------- --------- --------- ----------------
 99,17    0,002637           6       387           brk
  0,60    0,000016          16         1           write
  0,23    0,000006           1         6           fstat
  0,00    0,000000           0         4           read
  0,00    0,000000           0         5           close
  0,00    0,000000           0       752       658 stat
  0,00    0,000000           0        24           mmap
  0,00    0,000000           0         7           mprotect
  0,00    0,000000           0         1           munmap
  0,00    0,000000           0         6           pread64
  0,00    0,000000           0         1         1 access
  0,00    0,000000           0         1           execve
  0,00    0,000000           0         2         1 arch_prctl
  0,00    0,000000           0      1039      1034 openat
------ ----------- ----------- --------- --------- ----------------
100.00    0,002659                  2236      1694 total

Ejecutando Prueba nº 27

% time     seconds  usecs/call     calls    errors syscall
------ ----------- ----------- --------- --------- ----------------
 38,66    0,002481           5       442           brk
 33,79    0,002168           2      1039      1034 openat
 26,46    0,001698           2       752       658 stat
  0,28    0,000018          18         1           write
  0,28    0,000018           2         7           mprotect
  0,22    0,000014           0        24           mmap
  0,14    0,000009           1         6           fstat
  0,11    0,000007           7         1           munmap
  0,03    0,000002           0         5           close
  0,02    0,000001           0         4           read
  0,02    0,000001           0         2         1 arch_prctl
  0,00    0,000000           0         6           pread64
  0,00    0,000000           0         1         1 access
  0,00    0,000000           0         1           execve
------ ----------- ----------- --------- --------- ----------------
100.00    0,006417                  2291      1694 total

Ejecutando Prueba nº 28

% time     seconds  usecs/call     calls    errors syscall
------ ----------- ----------- --------- --------- ----------------
 49,15    0,004328           8       515           brk
 32,24    0,002839           2      1039      1034 openat
 15,59    0,001373           1       752       658 stat
  1,57    0,000138           5        24           mmap
  0,47    0,000041           5         7           mprotect
  0,20    0,000018          18         1           write
  0,18    0,000016           2         6           fstat
  0,16    0,000014          14         1           munmap
  0,15    0,000013           3         4           read
  0,14    0,000012           2         5           close
  0,14    0,000012           2         6           pread64
  0,02    0,000002           1         2         1 arch_prctl
  0,00    0,000000           0         1         1 access
  0,00    0,000000           0         1           execve
------ ----------- ----------- --------- --------- ----------------
100.00    0,008806                  2364      1694 total

Ejecutando Prueba nº 29

% time     seconds  usecs/call     calls    errors syscall
------ ----------- ----------- --------- --------- ----------------
 99,34    0,003916           7       545           brk
  0,48    0,000019          19         1           write
  0,18    0,000007           1         6           fstat
  0,00    0,000000           0         4           read
  0,00    0,000000           0         5           close
  0,00    0,000000           0       752       658 stat
  0,00    0,000000           0        24           mmap
  0,00    0,000000           0         7           mprotect
  0,00    0,000000           0         1           munmap
  0,00    0,000000           0         6           pread64
  0,00    0,000000           0         1         1 access
  0,00    0,000000           0         1           execve
  0,00    0,000000           0         2         1 arch_prctl
  0,00    0,000000           0      1039      1034 openat
------ ----------- ----------- --------- --------- ----------------
100.00    0,003942                  2394      1694 total

Ejecutando Prueba nº 30

% time     seconds  usecs/call     calls    errors syscall
------ ----------- ----------- --------- --------- ----------------
 92,03    0,005603           8       639           brk
  5,11    0,000311           0      1039      1034 openat
  0,87    0,000053          53         1           write
  0,80    0,000049           2        24           mmap
  0,43    0,000026           3         7           mprotect
  0,21    0,000013          13         1           munmap
  0,20    0,000012           2         6           pread64
  0,16    0,000010           1         6           fstat
  0,08    0,000005           1         4           read
  0,07    0,000004           0         5           close
  0,03    0,000002           1         2         1 arch_prctl
  0,00    0,000000           0       752       658 stat
  0,00    0,000000           0         1         1 access
  0,00    0,000000           0         1           execve
------ ----------- ----------- --------- --------- ----------------
100.00    0,006088                  2488      1694 total

Ejecutando Prueba nº 31

% time     seconds  usecs/call     calls    errors syscall
------ ----------- ----------- --------- --------- ----------------
 46,94    0,005214           7       672           brk
 33,13    0,003680           3      1039      1034 openat
 17,67    0,001963           2       752       658 stat
  1,23    0,000137           5        24           mmap
  0,24    0,000027           3         7           mprotect
  0,17    0,000019           3         6           pread64
  0,16    0,000018          18         1           write
  0,16    0,000018           3         6           fstat
  0,13    0,000014           3         4           read
  0,13    0,000014           2         5           close
  0,03    0,000003           1         2         1 arch_prctl
  0,00    0,000000           0         1           munmap
  0,00    0,000000           0         1         1 access
  0,00    0,000000           0         1           execve
------ ----------- ----------- --------- --------- ----------------
100.00    0,011107                  2521      1694 total

Ejecutando Prueba nº 32

% time     seconds  usecs/call     calls    errors syscall
------ ----------- ----------- --------- --------- ----------------
 49,81    0,006172           7       776           brk
 29,57    0,003664           3      1039      1034 openat
 19,04    0,002359           3       752       658 stat
  0,86    0,000107           4        24           mmap
  0,19    0,000023           3         7           mprotect
  0,16    0,000020          20         1           write
  0,11    0,000014           2         6           fstat
  0,10    0,000012           2         6           pread64
  0,09    0,000011           2         4           read
  0,06    0,000007           1         5           close
  0,02    0,000002           1         2         1 arch_prctl
  0,00    0,000000           0         1           munmap
  0,00    0,000000           0         1         1 access
  0,00    0,000000           0         1           execve
------ ----------- ----------- --------- --------- ----------------
100.00    0,012391                  2625      1694 total

Ejecutando Prueba nº 33

% time     seconds  usecs/call     calls    errors syscall
------ ----------- ----------- --------- --------- ----------------
 71,25    0,008374          10       830           brk
 18,11    0,002129           2      1039      1034 openat
  8,52    0,001001           1       752       658 stat
  1,00    0,000118           4        24           mmap
  0,37    0,000043           6         7           mprotect
  0,17    0,000020          20         1           write
  0,14    0,000017           2         6           fstat
  0,12    0,000014          14         1           munmap
  0,12    0,000014           2         6           pread64
  0,10    0,000012           3         4           read
  0,08    0,000009           1         5           close
  0,02    0,000002           1         2         1 arch_prctl
  0,00    0,000000           0         1         1 access
  0,00    0,000000           0         1           execve
------ ----------- ----------- --------- --------- ----------------
100.00    0,011753                  2679      1694 total

Ejecutando Prueba nº 34

% time     seconds  usecs/call     calls    errors syscall
------ ----------- ----------- --------- --------- ----------------
 67,99    0,008321           9       868           brk
 19,75    0,002417           2      1039      1034 openat
 10,35    0,001267           1       752       658 stat
  0,82    0,000100           4        24           mmap
  0,29    0,000036           5         7           mprotect
  0,28    0,000034           5         6           fstat
  0,16    0,000019          19         1           write
  0,10    0,000012           2         6           pread64
  0,09    0,000011           2         4           read
  0,09    0,000011          11         1           munmap
  0,07    0,000009           1         5           close
  0,01    0,000001           0         2         1 arch_prctl
  0,00    0,000000           0         1         1 access
  0,00    0,000000           0         1           execve
------ ----------- ----------- --------- --------- ----------------
100.00    0,012238                  2717      1694 total

Ejecutando Prueba nº 35

% time     seconds  usecs/call     calls    errors syscall
------ ----------- ----------- --------- --------- ----------------
 99,71    0,008695           8      1001           brk
  0,23    0,000020          20         1           write
  0,06    0,000005           0         6           fstat
  0,00    0,000000           0         4           read
  0,00    0,000000           0         5           close
  0,00    0,000000           0       752       658 stat
  0,00    0,000000           0        24           mmap
  0,00    0,000000           0         7           mprotect
  0,00    0,000000           0         1           munmap
  0,00    0,000000           0         6           pread64
  0,00    0,000000           0         1         1 access
  0,00    0,000000           0         1           execve
  0,00    0,000000           0         2         1 arch_prctl
  0,00    0,000000           0      1039      1034 openat
------ ----------- ----------- --------- --------- ----------------
100.00    0,008720                  2850      1694 total

Ejecutando Prueba nº 36

% time     seconds  usecs/call     calls    errors syscall
------ ----------- ----------- --------- --------- ----------------
 59,51    0,007704           7      1077           brk
 24,36    0,003153           3      1039      1034 openat
 14,45    0,001871           2       752       658 stat
  0,74    0,000096           4        24           mmap
  0,26    0,000034           4         7           mprotect
  0,16    0,000021          21         1           write
  0,11    0,000014           2         6           fstat
  0,11    0,000014          14         1           munmap
  0,10    0,000013           3         4           read
  0,10    0,000013           2         6           pread64
  0,08    0,000010           2         5           close
  0,02    0,000002           1         2         1 arch_prctl
  0,00    0,000000           0         1         1 access
  0,00    0,000000           0         1           execve
------ ----------- ----------- --------- --------- ----------------
100.00    0,012945                  2926      1694 total

Ejecutando Prueba nº 37

% time     seconds  usecs/call     calls    errors syscall
------ ----------- ----------- --------- --------- ----------------
100,00    0,009246           8      1120           brk
  0,00    0,000000           0         4           read
  0,00    0,000000           0         1           write
  0,00    0,000000           0         5           close
  0,00    0,000000           0       752       658 stat
  0,00    0,000000           0         6           fstat
  0,00    0,000000           0        24           mmap
  0,00    0,000000           0         7           mprotect
  0,00    0,000000           0         1           munmap
  0,00    0,000000           0         6           pread64
  0,00    0,000000           0         1         1 access
  0,00    0,000000           0         1           execve
  0,00    0,000000           0         2         1 arch_prctl
  0,00    0,000000           0      1039      1034 openat
------ ----------- ----------- --------- --------- ----------------
100.00    0,009246                  2969      1694 total

Ejecutando Prueba nº 38

% time     seconds  usecs/call     calls    errors syscall
------ ----------- ----------- --------- --------- ----------------
 73,78    0,012961          11      1163           brk
 14,94    0,002625           2      1039      1034 openat
  8,65    0,001520           2       752       658 stat
  0,98    0,000172         172         1           execve
  0,75    0,000131           5        24           mmap
  0,40    0,000070          10         7           mprotect
  0,11    0,000019          19         1           write
  0,09    0,000016          16         1           munmap
  0,07    0,000013           2         6           fstat
  0,07    0,000013           2         6           pread64
  0,06    0,000010           2         4           read
  0,05    0,000008           1         5           close
  0,02    0,000004           4         1         1 access
  0,02    0,000004           2         2         1 arch_prctl
------ ----------- ----------- --------- --------- ----------------
100.00    0,017566                  3012      1694 total

Ejecutando Prueba nº 39

% time     seconds  usecs/call     calls    errors syscall
------ ----------- ----------- --------- --------- ----------------
 61,29    0,008528           6      1329           brk
 23,34    0,003247           3      1039      1034 openat
 13,66    0,001900           2       752       658 stat
  0,77    0,000107           4        24           mmap
  0,27    0,000038           5         7           mprotect
  0,18    0,000025          25         1           write
  0,11    0,000016           2         6           fstat
  0,10    0,000014          14         1           munmap
  0,10    0,000014           2         6           pread64
  0,09    0,000013           3         4           read
  0,07    0,000010           2         5           close
  0,01    0,000002           1         2         1 arch_prctl
  0,00    0,000000           0         1         1 access
  0,00    0,000000           0         1           execve
------ ----------- ----------- --------- --------- ----------------
100.00    0,013914                  3178      1694 total

Ejecutando Prueba nº 40

% time     seconds  usecs/call     calls    errors syscall
------ ----------- ----------- --------- --------- ----------------
 79,05    0,014565          10      1456           brk
 11,68    0,002153           2      1039      1034 openat
  8,40    0,001547           2       752       658 stat
  0,33    0,000060           2        24           mmap
  0,17    0,000031           4         7           mprotect
  0,10    0,000019          19         1           write
  0,08    0,000014          14         1           munmap
  0,07    0,000013           2         6           pread64
  0,07    0,000012           2         6           fstat
  0,03    0,000006           1         4           read
  0,02    0,000004           0         5           close
  0,01    0,000002           1         2         1 arch_prctl
  0,00    0,000000           0         1         1 access
  0,00    0,000000           0         1           execve
------ ----------- ----------- --------- --------- ----------------
100.00    0,018426                  3305      1694 total

Ejecutando Prueba nº 41

% time     seconds  usecs/call     calls    errors syscall
------ ----------- ----------- --------- --------- ----------------
 79,28    0,014953           9      1506           brk
 12,21    0,002302           2      1039      1034 openat
  7,60    0,001433           1       752       658 stat
  0,41    0,000077           3        24           mmap
  0,14    0,000027           3         7           mprotect
  0,12    0,000022          22         1           write
  0,08    0,000016           2         6           fstat
  0,05    0,000009           9         1           munmap
  0,04    0,000008           2         4           read
  0,04    0,000007           1         5           close
  0,03    0,000006           1         6           pread64
  0,01    0,000001           0         2         1 arch_prctl
  0,00    0,000000           0         1         1 access
  0,00    0,000000           0         1           execve
------ ----------- ----------- --------- --------- ----------------
100.00    0,018861                  3355      1694 total

Ejecutando Prueba nº 42

% time     seconds  usecs/call     calls    errors syscall
------ ----------- ----------- --------- --------- ----------------
 80,25    0,015322           9      1556           brk
 12,41    0,002370           2      1039      1034 openat
  6,24    0,001192           1       752       658 stat
  0,56    0,000107           4        24           mmap
  0,20    0,000038           5         7           mprotect
  0,07    0,000013           2         6           fstat
  0,07    0,000013          13         1           munmap
  0,07    0,000013           2         6           pread64
  0,06    0,000012           3         4           read
  0,05    0,000010           2         5           close
  0,01    0,000002           1         2         1 arch_prctl
  0,00    0,000000           0         1           write
  0,00    0,000000           0         1         1 access
  0,00    0,000000           0         1           execve
------ ----------- ----------- --------- --------- ----------------
100.00    0,019092                  3405      1694 total

Ejecutando Prueba nº 43

% time     seconds  usecs/call     calls    errors syscall
------ ----------- ----------- --------- --------- ----------------
 72,96    0,015380           9      1606           brk
 16,30    0,003436           3      1039      1034 openat
  9,74    0,002054           2       752       658 stat
  0,51    0,000108           4        24           mmap
  0,18    0,000037           5         7           mprotect
  0,07    0,000014          14         1           munmap
  0,07    0,000014           2         6           pread64
  0,06    0,000013           3         4           read
  0,06    0,000012           2         6           fstat
  0,04    0,000009           1         5           close
  0,01    0,000002           1         2         1 arch_prctl
  0,00    0,000000           0         1           write
  0,00    0,000000           0         1         1 access
  0,00    0,000000           0         1           execve
------ ----------- ----------- --------- --------- ----------------
100.00    0,021079                  3455      1694 total

Ejecutando Prueba nº 44

% time     seconds  usecs/call     calls    errors syscall
------ ----------- ----------- --------- --------- ----------------
 79,40    0,018493          10      1727           brk
 11,38    0,002650           2      1039      1034 openat
  8,80    0,002050           2       752       658 stat
  0,10    0,000023          23         1           write
  0,09    0,000022           3         6           fstat
  0,09    0,000022           3         7           mprotect
  0,07    0,000017           0        24           mmap
  0,04    0,000009           9         1           munmap
  0,01    0,000002           0         4           read
  0,01    0,000002           1         2         1 arch_prctl
  0,00    0,000001           0         5           close
  0,00    0,000000           0         6           pread64
  0,00    0,000000           0         1         1 access
  0,00    0,000000           0         1           execve
------ ----------- ----------- --------- --------- ----------------
100.00    0,023291                  3576      1694 total

Ejecutando Prueba nº 45

% time     seconds  usecs/call     calls    errors syscall
------ ----------- ----------- --------- --------- ----------------
 79,59    0,020206           9      2046           brk
 12,96    0,003289           3      1039      1034 openat
  6,41    0,001628           2       752       658 stat
  0,48    0,000123           5        24           mmap
  0,16    0,000040           5         7           mprotect
  0,08    0,000020          20         1           write
  0,08    0,000020           3         6           fstat
  0,06    0,000015           3         4           read
  0,06    0,000015          15         1           munmap
  0,06    0,000015           2         6           pread64
  0,06    0,000014           2         5           close
  0,01    0,000002           1         2         1 arch_prctl
  0,00    0,000000           0         1         1 access
  0,00    0,000000           0         1           execve
------ ----------- ----------- --------- --------- ----------------
100.00    0,025387                  3895      1694 total

Ejecutando Prueba nº 46

% time     seconds  usecs/call     calls    errors syscall
------ ----------- ----------- --------- --------- ----------------
 99,90    0,020726           9      2106           brk
  0,09    0,000019          19         1           write
  0,01    0,000002           0         6           fstat
  0,00    0,000000           0         4           read
  0,00    0,000000           0         5           close
  0,00    0,000000           0       752       658 stat
  0,00    0,000000           0        24           mmap
  0,00    0,000000           0         7           mprotect
  0,00    0,000000           0         1           munmap
  0,00    0,000000           0         6           pread64
  0,00    0,000000           0         1         1 access
  0,00    0,000000           0         1           execve
  0,00    0,000000           0         2         1 arch_prctl
  0,00    0,000000           0      1039      1034 openat
------ ----------- ----------- --------- --------- ----------------
100.00    0,020747                  3955      1694 total

Ejecutando Prueba nº 47

% time     seconds  usecs/call     calls    errors syscall
------ ----------- ----------- --------- --------- ----------------
 78,48    0,019733           9      2166           brk
 12,97    0,003261           3      1039      1034 openat
  7,60    0,001910           2       752       658 stat
  0,45    0,000113           4        24           mmap
  0,16    0,000039           5         7           mprotect
  0,13    0,000033           5         6           fstat
  0,06    0,000016           4         4           read
  0,06    0,000014           2         6           pread64
  0,05    0,000013          13         1           munmap
  0,04    0,000010           2         5           close
  0,01    0,000002           1         2         1 arch_prctl
  0,00    0,000000           0         1           write
  0,00    0,000000           0         1         1 access
  0,00    0,000000           0         1           execve
------ ----------- ----------- --------- --------- ----------------
100.00    0,025144                  4015      1694 total

Ejecutando Prueba nº 48

% time     seconds  usecs/call     calls    errors syscall
------ ----------- ----------- --------- --------- ----------------
 89,13    0,023371          10      2226           brk
  7,23    0,001896           1      1039      1034 openat
  2,74    0,000718           0       752       658 stat
  0,42    0,000110           4        24           mmap
  0,14    0,000037           5         7           mprotect
  0,08    0,000020          20         1           write
  0,07    0,000019           3         6           fstat
  0,05    0,000014          14         1           munmap
  0,05    0,000013           2         6           pread64
  0,05    0,000012           3         4           read
  0,04    0,000010           2         5           close
  0,01    0,000002           1         2         1 arch_prctl
  0,00    0,000000           0         1         1 access
  0,00    0,000000           0         1           execve
------ ----------- ----------- --------- --------- ----------------
100.00    0,026222                  4075      1694 total

Ejecutando Prueba nº 49

% time     seconds  usecs/call     calls    errors syscall
------ ----------- ----------- --------- --------- ----------------
 79,97    0,021340           9      2286           brk
 12,68    0,003383           3      1039      1034 openat
  6,30    0,001681           2       752       658 stat
  0,52    0,000139           5        24           mmap
  0,14    0,000038           5         7           mprotect
  0,08    0,000022           3         6           fstat
  0,07    0,000018          18         1           write
  0,06    0,000016           3         5           close
  0,06    0,000016           2         6           pread64
  0,06    0,000015           3         4           read
  0,06    0,000015          15         1           munmap
  0,01    0,000002           1         2         1 arch_prctl
  0,00    0,000000           0         1         1 access
  0,00    0,000000           0         1           execve
------ ----------- ----------- --------- --------- ----------------
100.00    0,026685                  4135      1694 total

Ejecutando Prueba nº 50

% time     seconds  usecs/call     calls    errors syscall
------ ----------- ----------- --------- --------- ----------------
 79,85    0,018675           7      2346           brk
 12,58    0,002943           2      1039      1034 openat
  6,71    0,001569           2       752       658 stat
  0,52    0,000121           5        24           mmap
  0,08    0,000018          18         1           write
  0,07    0,000017           2         6           fstat
  0,06    0,000013           3         4           read
  0,05    0,000012           2         6           pread64
  0,05    0,000011           2         5           close
  0,04    0,000010           1         7           mprotect
  0,00    0,000000           0         1           munmap
  0,00    0,000000           0         1         1 access
  0,00    0,000000           0         1           execve
  0,00    0,000000           0         2         1 arch_prctl
------ ----------- ----------- --------- --------- ----------------
100.00    0,023389                  4195      1694 total

Ejecutando Prueba nº 51

% time     seconds  usecs/call     calls    errors syscall
------ ----------- ----------- --------- --------- ----------------
 80,22    0,025320          10      2406           brk
 11,41    0,003600           3      1039      1034 openat
  7,07    0,002230           2       752       658 stat
  0,54    0,000170         170         1           execve
  0,37    0,000117           4        24           mmap
  0,12    0,000038           5         7           mprotect
  0,06    0,000019          19         1           write
  0,05    0,000015          15         1           munmap
  0,04    0,000013           2         6           fstat
  0,04    0,000012           3         4           read
  0,04    0,000012           2         6           pread64
  0,03    0,000010           2         5           close
  0,01    0,000004           4         1         1 access
  0,01    0,000004           2         2         1 arch_prctl
------ ----------- ----------- --------- --------- ----------------
100.00    0,031564                  4255      1694 total

Ejecutando Prueba nº 52

% time     seconds  usecs/call     calls    errors syscall
------ ----------- ----------- --------- --------- ----------------
 82,10    0,025609          10      2480           brk
 10,75    0,003353           3      1039      1034 openat
  6,39    0,001992           2       752       658 stat
  0,43    0,000133           5        24           mmap
  0,13    0,000039           5         7           mprotect
  0,05    0,000017          17         1           munmap
  0,04    0,000012           2         6           fstat
  0,04    0,000012           2         6           pread64
  0,04    0,000011           2         5           close
  0,03    0,000010           2         4           read
  0,01    0,000003           1         2         1 arch_prctl
  0,00    0,000000           0         1           write
  0,00    0,000000           0         1         1 access
  0,00    0,000000           0         1           execve
------ ----------- ----------- --------- --------- ----------------
100.00    0,031191                  4329      1694 total

Ejecutando Prueba nº 53

% time     seconds  usecs/call     calls    errors syscall
------ ----------- ----------- --------- --------- ----------------
 86,67    0,027794          10      2615           brk
  8,10    0,002596           2      1039      1034 openat
  4,36    0,001398           1       752       658 stat
  0,44    0,000141           5        24           mmap
  0,11    0,000034           5         6           fstat
  0,11    0,000034           4         7           mprotect
  0,07    0,000022          22         1           write
  0,04    0,000013           3         4           read
  0,04    0,000013          13         1           munmap
  0,04    0,000012           2         6           pread64
  0,03    0,000010           2         5           close
  0,01    0,000002           1         2         1 arch_prctl
  0,00    0,000000           0         1         1 access
  0,00    0,000000           0         1           execve
------ ----------- ----------- --------- --------- ----------------
100.00    0,032069                  4464      1694 total

Ejecutando Prueba nº 54

% time     seconds  usecs/call     calls    errors syscall
------ ----------- ----------- --------- --------- ----------------
 92,68    0,031345           9      3231           brk
  4,96    0,001679           1      1039      1034 openat
  1,67    0,000564           0       752       658 stat
  0,32    0,000108           4        24           mmap
  0,11    0,000037           5         7           mprotect
  0,06    0,000020          20         1           write
  0,04    0,000015           2         6           fstat
  0,04    0,000013           3         4           read
  0,04    0,000013           2         6           pread64
  0,04    0,000012          12         1           munmap
  0,03    0,000011           2         5           close
  0,01    0,000002           1         2         1 arch_prctl
  0,00    0,000000           0         1         1 access
  0,00    0,000000           0         1           execve
------ ----------- ----------- --------- --------- ----------------
100.00    0,033819                  5080      1694 total

Ejecutando Prueba nº 55

% time     seconds  usecs/call     calls    errors syscall
------ ----------- ----------- --------- --------- ----------------
 87,99    0,033686          10      3306           brk
  7,17    0,002746           2      1039      1034 openat
  4,19    0,001606           2       752       658 stat
  0,27    0,000103           4        24           mmap
  0,15    0,000057           8         7           mprotect
  0,05    0,000018          18         1           write
  0,05    0,000018           3         6           fstat
  0,04    0,000015          15         1           munmap
  0,03    0,000012           2         6           pread64
  0,03    0,000011           2         4           read
  0,03    0,000010           2         5           close
  0,01    0,000002           1         2         1 arch_prctl
  0,00    0,000000           0         1         1 access
  0,00    0,000000           0         1           execve
------ ----------- ----------- --------- --------- ----------------
100.00    0,038284                  5155      1694 total

Ejecutando Prueba nº 56

% time     seconds  usecs/call     calls    errors syscall
------ ----------- ----------- --------- --------- ----------------
 84,92    0,031012           9      3381           brk
  9,26    0,003382           3      1039      1034 openat
  5,27    0,001925           2       752       658 stat
  0,29    0,000106           4        24           mmap
  0,10    0,000037           5         7           mprotect
  0,03    0,000012           3         4           read
  0,03    0,000012          12         1           munmap
  0,03    0,000012           2         6           pread64
  0,03    0,000010           1         6           fstat
  0,02    0,000009           1         5           close
  0,01    0,000002           1         2         1 arch_prctl
  0,00    0,000000           0         1           write
  0,00    0,000000           0         1         1 access
  0,00    0,000000           0         1           execve
------ ----------- ----------- --------- --------- ----------------
100.00    0,036519                  5230      1694 total

Ejecutando Prueba nº 57

% time     seconds  usecs/call     calls    errors syscall
------ ----------- ----------- --------- --------- ----------------
 92,28    0,035009          10      3456           brk
  4,95    0,001879           1      1039      1034 openat
  2,24    0,000849           1       752       658 stat
  0,26    0,000100           4        24           mmap
  0,10    0,000037           5         7           mprotect
  0,03    0,000013          13         1           munmap
  0,03    0,000013           2         6           pread64
  0,03    0,000012           3         4           read
  0,03    0,000011           2         5           close
  0,03    0,000011           1         6           fstat
  0,01    0,000002           1         2         1 arch_prctl
  0,00    0,000000           0         1           write
  0,00    0,000000           0         1         1 access
  0,00    0,000000           0         1           execve
------ ----------- ----------- --------- --------- ----------------
100.00    0,037936                  5305      1694 total

Ejecutando Prueba nº 58

% time     seconds  usecs/call     calls    errors syscall
------ ----------- ----------- --------- --------- ----------------
 97,85    0,041748          11      3531           brk
  1,65    0,000705           0      1039      1034 openat
  0,21    0,000091           3        24           mmap
  0,08    0,000033           4         7           mprotect
  0,07    0,000030           5         6           pread64
  0,04    0,000019          19         1           write
  0,03    0,000014          14         1           munmap
  0,03    0,000013           2         6           fstat
  0,01    0,000006           1         4           read
  0,01    0,000006           1         5           close
  0,00    0,000002           1         2         1 arch_prctl
  0,00    0,000000           0       752       658 stat
  0,00    0,000000           0         1         1 access
  0,00    0,000000           0         1           execve
------ ----------- ----------- --------- --------- ----------------
100.00    0,042667                  5380      1694 total

Ejecutando Prueba nº 59

% time     seconds  usecs/call     calls    errors syscall
------ ----------- ----------- --------- --------- ----------------
 93,81    0,041782          11      3606           brk
  4,02    0,001792           1      1039      1034 openat
  1,67    0,000743           0       752       658 stat
  0,24    0,000106           4        24           mmap
  0,08    0,000035           5         7           mprotect
  0,04    0,000017          17         1           write
  0,04    0,000016           2         6           fstat
  0,03    0,000013           3         4           read
  0,03    0,000013          13         1           munmap
  0,03    0,000012           2         6           pread64
  0,02    0,000010           2         5           close
  0,00    0,000002           1         2         1 arch_prctl
  0,00    0,000000           0         1         1 access
  0,00    0,000000           0         1           execve
------ ----------- ----------- --------- --------- ----------------
100.00    0,044541                  5455      1694 total

Ejecutando Prueba nº 60

% time     seconds  usecs/call     calls    errors syscall
------ ----------- ----------- --------- --------- ----------------
 87,75    0,039902          10      3681           brk
  7,37    0,003352           3      1039      1034 openat
  4,36    0,001982           2       752       658 stat
  0,28    0,000127           5        24           mmap
  0,08    0,000038           5         7           mprotect
  0,03    0,000013           3         4           read
  0,03    0,000013           2         6           fstat
  0,03    0,000013          13         1           munmap
  0,03    0,000012           2         6           pread64
  0,02    0,000011           2         5           close
  0,01    0,000004           4         1         1 access
  0,01    0,000004           2         2         1 arch_prctl
  0,00    0,000000           0         1           write
  0,00    0,000000           0         1           execve
------ ----------- ----------- --------- --------- ----------------
100.00    0,045471                  5530      1694 total

Ejecutando Prueba nº 61

% time     seconds  usecs/call     calls    errors syscall
------ ----------- ----------- --------- --------- ----------------
 93,02    0,042850          11      3756           brk
  4,24    0,001955           1      1039      1034 openat
  2,45    0,001130           1       752       658 stat
  0,12    0,000057           2        24           mmap
  0,04    0,000020           2         7           mprotect
  0,04    0,000018          18         1           write
  0,02    0,000010           1         6           fstat
  0,02    0,000007           1         4           read
  0,02    0,000007           7         1           munmap
  0,01    0,000006           1         6           pread64
  0,01    0,000005           1         5           close
  0,00    0,000001           0         2         1 arch_prctl
  0,00    0,000000           0         1         1 access
  0,00    0,000000           0         1           execve
------ ----------- ----------- --------- --------- ----------------
100.00    0,046066                  5605      1694 total

Ejecutando Prueba nº 62

% time     seconds  usecs/call     calls    errors syscall
------ ----------- ----------- --------- --------- ----------------
 92,04    0,048530          12      3831           brk
  4,84    0,002554           2      1039      1034 openat
  2,64    0,001390           1       752       658 stat
  0,20    0,000104           4        24           mmap
  0,12    0,000061           8         7           mprotect
  0,03    0,000018          18         1           write
  0,03    0,000016           2         6           fstat
  0,03    0,000016          16         1           munmap
  0,02    0,000013           3         4           read
  0,02    0,000013           2         6           pread64
  0,02    0,000010           2         5           close
  0,00    0,000002           1         2         1 arch_prctl
  0,00    0,000000           0         1         1 access
  0,00    0,000000           0         1           execve
------ ----------- ----------- --------- --------- ----------------
100.00    0,052727                  5680      1694 total

Ejecutando Prueba nº 63

% time     seconds  usecs/call     calls    errors syscall
------ ----------- ----------- --------- --------- ----------------
 97,68    0,046750          11      3906           brk
  1,91    0,000912           0      1039      1034 openat
  0,21    0,000102           4        24           mmap
  0,05    0,000026           3         7           mprotect
  0,04    0,000017          17         1           write
  0,03    0,000014           2         6           pread64
  0,03    0,000012          12         1           munmap
  0,02    0,000010           1         6           fstat
  0,02    0,000009           2         4           read
  0,01    0,000007           1         5           close
  0,00    0,000002           1         2         1 arch_prctl
  0,00    0,000000           0       752       658 stat
  0,00    0,000000           0         1         1 access
  0,00    0,000000           0         1           execve
------ ----------- ----------- --------- --------- ----------------
100.00    0,047861                  5755      1694 total

Ejecutando Prueba nº 64

% time     seconds  usecs/call     calls    errors syscall
------ ----------- ----------- --------- --------- ----------------
 91,36    0,047372          11      3981           brk
  5,54    0,002875           2      1039      1034 openat
  2,62    0,001357           1       752       658 stat
  0,24    0,000127           5        24           mmap
  0,08    0,000041           5         7           mprotect
  0,04    0,000020           3         6           fstat
  0,03    0,000016          16         1           munmap
  0,03    0,000015           3         4           read
  0,03    0,000013           2         5           close
  0,02    0,000012           2         6           pread64
  0,00    0,000002           1         2         1 arch_prctl
  0,00    0,000000           0         1           write
  0,00    0,000000           0         1         1 access
  0,00    0,000000           0         1           execve
------ ----------- ----------- --------- --------- ----------------
100.00    0,051850                  5830      1694 total

Ejecutando Prueba nº 65

% time     seconds  usecs/call     calls    errors syscall
------ ----------- ----------- --------- --------- ----------------
 96,86    0,052485          12      4056           brk
  2,24    0,001214           1      1039      1034 openat
  0,44    0,000237           0       752       658 stat
  0,21    0,000114           4        24           mmap
  0,10    0,000052           7         7           mprotect
  0,03    0,000018          18         1           write
  0,02    0,000013           2         5           close
  0,02    0,000013           2         6           fstat
  0,02    0,000013          13         1           munmap
  0,02    0,000012           2         6           pread64
  0,02    0,000011           2         4           read
  0,00    0,000002           1         2         1 arch_prctl
  0,00    0,000000           0         1         1 access
  0,00    0,000000           0         1           execve
------ ----------- ----------- --------- --------- ----------------
100.00    0,054184                  5905      1694 total

Ejecutando Prueba nº 66

% time     seconds  usecs/call     calls    errors syscall
------ ----------- ----------- --------- --------- ----------------
 90,72    0,050802          12      4195           brk
  5,64    0,003158           3      1039      1034 openat
  3,19    0,001787           2       752       658 stat
  0,27    0,000149           6        24           mmap
  0,07    0,000039           5         7           mprotect
  0,02    0,000014          14         1           munmap
  0,02    0,000014           2         6           pread64
  0,02    0,000013           3         4           read
  0,02    0,000011           1         6           fstat
  0,02    0,000010           2         5           close
  0,01    0,000003           1         2         1 arch_prctl
  0,00    0,000000           0         1           write
  0,00    0,000000           0         1         1 access
  0,00    0,000000           0         1           execve
------ ----------- ----------- --------- --------- ----------------
100.00    0,056000                  6044      1694 total

Ejecutando Prueba nº 67

% time     seconds  usecs/call     calls    errors syscall
------ ----------- ----------- --------- --------- ----------------
 95,82    0,058233          11      5278           brk
  2,70    0,001640           1      1039      1034 openat
  1,11    0,000673           0       752       658 stat
  0,16    0,000095           3        24           mmap
  0,06    0,000035           5         7           mprotect
  0,05    0,000033           5         6           fstat
  0,03    0,000018          18         1           write
  0,02    0,000012          12         1           munmap
  0,02    0,000012           2         6           pread64
  0,02    0,000011           2         4           read
  0,02    0,000010           2         5           close
  0,00    0,000002           1         2         1 arch_prctl
  0,00    0,000000           0         1         1 access
  0,00    0,000000           0         1           execve
------ ----------- ----------- --------- --------- ----------------
100.00    0,060774                  7127      1694 total

Ejecutando Prueba nº 68

% time     seconds  usecs/call     calls    errors syscall
------ ----------- ----------- --------- --------- ----------------
 93,38    0,059246          10      5706           brk
  3,80    0,002411           2      1039      1034 openat
  2,66    0,001688           2       752       658 stat
  0,07    0,000043           1        24           mmap
  0,03    0,000018           2         7           mprotect
  0,02    0,000012           2         6           pread64
  0,01    0,000009           9         1           munmap
  0,01    0,000006           1         4           read
  0,01    0,000006           1         6           fstat
  0,01    0,000005           1         5           close
  0,00    0,000001           0         2         1 arch_prctl
  0,00    0,000000           0         1           write
  0,00    0,000000           0         1         1 access
  0,00    0,000000           0         1           execve
------ ----------- ----------- --------- --------- ----------------
100.00    0,063445                  7555      1694 total

Ejecutando Prueba nº 69

% time     seconds  usecs/call     calls    errors syscall
------ ----------- ----------- --------- --------- ----------------
 98,72    0,063151          10      5806           brk
  1,00    0,000641           0      1039      1034 openat
  0,12    0,000074           3        24           mmap
  0,05    0,000030           4         7           mprotect
  0,03    0,000018          18         1           write
  0,02    0,000014           2         6           pread64
  0,02    0,000012          12         1           munmap
  0,02    0,000011           1         6           fstat
  0,01    0,000008           2         4           read
  0,01    0,000006           1         5           close
  0,00    0,000002           1         2         1 arch_prctl
  0,00    0,000000           0       752       658 stat
  0,00    0,000000           0         1         1 access
  0,00    0,000000           0         1           execve
------ ----------- ----------- --------- --------- ----------------
100.00    0,063967                  7655      1694 total

Ejecutando Prueba nº 70

% time     seconds  usecs/call     calls    errors syscall
------ ----------- ----------- --------- --------- ----------------
 92,54    0,066938          11      5906           brk
  4,58    0,003310           3      1039      1034 openat
  2,55    0,001845           2       752       658 stat
  0,17    0,000126           5        24           mmap
  0,06    0,000045           6         7           mprotect
  0,03    0,000019           3         6           pread64
  0,02    0,000014          14         1           munmap
  0,02    0,000013           3         4           read
  0,02    0,000012           2         6           fstat
  0,02    0,000011           2         5           close
  0,00    0,000003           1         2         1 arch_prctl
  0,00    0,000000           0         1           write
  0,00    0,000000           0         1         1 access
  0,00    0,000000           0         1           execve
------ ----------- ----------- --------- --------- ----------------
100.00    0,072336                  7755      1694 total

Ejecutando Prueba nº 71

% time     seconds  usecs/call     calls    errors syscall
------ ----------- ----------- --------- --------- ----------------
 91,84    0,064122          10      6006           brk
  4,95    0,003459           3      1039      1034 openat
  2,87    0,002001           2       752       658 stat
  0,18    0,000123           5        24           mmap
  0,05    0,000037           5         7           mprotect
  0,04    0,000026           4         6           fstat
  0,02    0,000014           3         4           read
  0,02    0,000014          14         1           munmap
  0,02    0,000013           2         6           pread64
  0,02    0,000011           2         5           close
  0,00    0,000001           0         2         1 arch_prctl
  0,00    0,000000           0         1           write
  0,00    0,000000           0         1         1 access
  0,00    0,000000           0         1           execve
------ ----------- ----------- --------- --------- ----------------
100.00    0,069821                  7855      1694 total

Ejecutando Prueba nº 72

% time     seconds  usecs/call     calls    errors syscall
------ ----------- ----------- --------- --------- ----------------
 94,33    0,064763          10      6106           brk
  3,51    0,002410           2      1039      1034 openat
  1,83    0,001254           1       752       658 stat
  0,15    0,000104           4        24           mmap
  0,06    0,000039           5         7           mprotect
  0,02    0,000016          16         1           write
  0,02    0,000015           2         6           fstat
  0,02    0,000015          15         1           munmap
  0,02    0,000014           2         6           pread64
  0,02    0,000013           3         4           read
  0,02    0,000011           2         5           close
  0,00    0,000002           1         2         1 arch_prctl
  0,00    0,000000           0         1         1 access
  0,00    0,000000           0         1           execve
------ ----------- ----------- --------- --------- ----------------
100.00    0,068656                  7955      1694 total

Ejecutando Prueba nº 73

% time     seconds  usecs/call     calls    errors syscall
------ ----------- ----------- --------- --------- ----------------
 93,87    0,071715          11      6206           brk
  3,76    0,002875           2      1039      1034 openat
  2,09    0,001598           2       752       658 stat
  0,12    0,000093           3        24           mmap
  0,05    0,000035           5         7           mprotect
  0,03    0,000021          21         1           write
  0,02    0,000017           2         6           fstat
  0,02    0,000013           3         4           read
  0,02    0,000012          12         1           munmap
  0,02    0,000012           2         6           pread64
  0,01    0,000009           1         5           close
  0,00    0,000002           1         2         1 arch_prctl
  0,00    0,000000           0         1         1 access
  0,00    0,000000           0         1           execve
------ ----------- ----------- --------- --------- ----------------
100.00    0,076402                  8055      1694 total

Ejecutando Prueba nº 74

% time     seconds  usecs/call     calls    errors syscall
------ ----------- ----------- --------- --------- ----------------
 96,02    0,070589          11      6306           brk
  2,66    0,001954           1      1039      1034 openat
  1,03    0,000757           1       752       658 stat
  0,13    0,000099           4        24           mmap
  0,05    0,000034           4         7           mprotect
  0,03    0,000020          20         1           write
  0,02    0,000017           2         6           fstat
  0,02    0,000012           3         4           read
  0,02    0,000012          12         1           munmap
  0,02    0,000012           2         6           pread64
  0,01    0,000008           1         5           close
  0,00    0,000002           1         2         1 arch_prctl
  0,00    0,000000           0         1         1 access
  0,00    0,000000           0         1           execve
------ ----------- ----------- --------- --------- ----------------
100.00    0,073516                  8155      1694 total

Ejecutando Prueba nº 75

