Ejecutando Prueba nº 1
% time     seconds  usecs/call     calls    errors syscall
------ ----------- ----------- --------- --------- ----------------
  0,00    0,000000           0         4           read
  0,00    0,000000           0         1           write
  0,00    0,000000           0         5           close
  0,00    0,000000           0       752       658 stat
  0,00    0,000000           0         6           fstat
  0,00    0,000000           0        24           mmap
  0,00    0,000000           0         7           mprotect
  0,00    0,000000           0         1           munmap
  0,00    0,000000           0         3           brk
  0,00    0,000000           0         6           pread64
  0,00    0,000000           0         1         1 access
  0,00    0,000000           0         1           execve
  0,00    0,000000           0         2         1 arch_prctl
  0,00    0,000000           0         2           clock_gettime
  0,00    0,000000           0      1039      1034 openat
------ ----------- ----------- --------- --------- ----------------
100.00    0,000000                  1854      1694 total
Ejecutando Prueba nº 2
% time     seconds  usecs/call     calls    errors syscall
------ ----------- ----------- --------- --------- ----------------
 63,28    0,002949           2      1039      1034 openat
 31,39    0,001463           1       752       658 stat
  2,49    0,000116           4        24           mmap
  0,90    0,000042           6         7           mprotect
  0,34    0,000016          16         1           munmap
  0,28    0,000013          13         1           write
  0,28    0,000013           2         6           fstat
  0,28    0,000013           2         6           pread64
  0,21    0,000010           2         4           read
  0,21    0,000010           2         5           close
  0,15    0,000007           3         2           clock_gettime
  0,13    0,000006           2         3           brk
  0,04    0,000002           1         2         1 arch_prctl
  0,00    0,000000           0         1         1 access
  0,00    0,000000           0         1           execve
------ ----------- ----------- --------- --------- ----------------
100.00    0,004660                  1854      1694 total
Ejecutando Prueba nº 3
% time     seconds  usecs/call     calls    errors syscall
------ ----------- ----------- --------- --------- ----------------
 70,39    0,001412           1      1039      1034 openat
 16,95    0,000340           0       752       658 stat
  6,08    0,000122           5        24           mmap
  1,84    0,000037           5         7           mprotect
  0,85    0,000017          17         1           write
  0,75    0,000015           2         6           fstat
  0,65    0,000013          13         1           munmap
  0,60    0,000012           3         4           read
  0,60    0,000012           2         6           pread64
  0,55    0,000011           2         5           close
  0,35    0,000007           2         3           brk
  0,30    0,000006           3         2           clock_gettime
  0,10    0,000002           1         2         1 arch_prctl
  0,00    0,000000           0         1         1 access
  0,00    0,000000           0         1           execve
------ ----------- ----------- --------- --------- ----------------
100.00    0,002006                  1854      1694 total
Ejecutando Prueba nº 4
% time     seconds  usecs/call     calls    errors syscall
------ ----------- ----------- --------- --------- ----------------
 63,03    0,002175           2      1039      1034 openat
 30,22    0,001043           1       752       658 stat
  2,96    0,000102           4        24           mmap
  1,13    0,000039           5         7           mprotect
  0,49    0,000017          17         1           munmap
  0,43    0,000015           2         6           fstat
  0,41    0,000014          14         1           write
  0,35    0,000012           2         6           pread64
  0,32    0,000011           2         4           read
  0,29    0,000010           2         5           close
  0,17    0,000006           3         2           clock_gettime
  0,14    0,000005           1         3           brk
  0,06    0,000002           1         2         1 arch_prctl
  0,00    0,000000           0         1         1 access
  0,00    0,000000           0         1           execve
------ ----------- ----------- --------- --------- ----------------
100.00    0,003451                  1854      1694 total
Ejecutando Prueba nº 5
% time     seconds  usecs/call     calls    errors syscall
------ ----------- ----------- --------- --------- ----------------
 60,36    0,002388           2      1039      1034 openat
 34,53    0,001366           1       752       658 stat
  2,10    0,000083           3        24           mmap
  0,88    0,000035           5         7           mprotect
  0,40    0,000016          16         1           write
  0,35    0,000014          14         1           munmap
  0,33    0,000013           2         6           pread64
  0,30    0,000012           2         6           fstat
  0,23    0,000009           2         4           read
  0,20    0,000008           1         5           close
  0,13    0,000005           1         3           brk
  0,13    0,000005           2         2           clock_gettime
  0,05    0,000002           1         2         1 arch_prctl
  0,00    0,000000           0         1         1 access
  0,00    0,000000           0         1           execve
------ ----------- ----------- --------- --------- ----------------
100.00    0,003956                  1854      1694 total
Ejecutando Prueba nº 6
% time     seconds  usecs/call     calls    errors syscall
------ ----------- ----------- --------- --------- ----------------
 60,62    0,002975           2      1039      1034 openat
 34,15    0,001676           2       752       658 stat
  2,16    0,000106           4        24           mmap
  0,69    0,000034           4         7           mprotect
  0,55    0,000027           4         6           pread64
  0,33    0,000016          16         1           write
  0,33    0,000016           2         6           brk
  0,29    0,000014           2         6           fstat
  0,26    0,000013           3         4           read
  0,24    0,000012           2         5           close
  0,24    0,000012          12         1           munmap
  0,10    0,000005           2         2           clock_gettime
  0,04    0,000002           1         2         1 arch_prctl
  0,00    0,000000           0         1         1 access
  0,00    0,000000           0         1           execve
------ ----------- ----------- --------- --------- ----------------
100.00    0,004908                  1857      1694 total
Ejecutando Prueba nº 7
% time     seconds  usecs/call     calls    errors syscall
------ ----------- ----------- --------- --------- ----------------
 60,37    0,002872           2      1039      1034 openat
 34,14    0,001624           2       752       658 stat
  2,48    0,000118           4        24           mmap
  0,80    0,000038           5         7           mprotect
  0,36    0,000017           2         6           brk
  0,34    0,000016           2         6           fstat
  0,32    0,000015          15         1           write
  0,29    0,000014          14         1           munmap
  0,25    0,000012           2         5           close
  0,25    0,000012           2         6           pread64
  0,23    0,000011           2         4           read
  0,13    0,000006           3         2           clock_gettime
  0,04    0,000002           1         2         1 arch_prctl
  0,00    0,000000           0         1         1 access
  0,00    0,000000           0         1           execve
------ ----------- ----------- --------- --------- ----------------
100.00    0,004757                  1857      1694 total
Ejecutando Prueba nº 8
% time     seconds  usecs/call     calls    errors syscall
------ ----------- ----------- --------- --------- ----------------
 60,96    0,003938           3      1039      1034 openat
 33,98    0,002195           2       752       658 stat
  2,06    0,000133           5        24           mmap
  1,08    0,000070          10         7           mprotect
  0,29    0,000019           3         6           fstat
  0,26    0,000017           3         5           brk
  0,26    0,000017           2         6           pread64
  0,25    0,000016           4         4           read
  0,25    0,000016          16         1           write
  0,23    0,000015           3         5           close
  0,22    0,000014          14         1           munmap
  0,11    0,000007           3         2           clock_gettime
  0,05    0,000003           1         2         1 arch_prctl
  0,00    0,000000           0         1         1 access
  0,00    0,000000           0         1           execve
------ ----------- ----------- --------- --------- ----------------
100.00    0,006460                  1856      1694 total
Ejecutando Prueba nº 9
% time     seconds  usecs/call     calls    errors syscall
------ ----------- ----------- --------- --------- ----------------
 63,26    0,001968           1      1039      1034 openat
 28,54    0,000888           1       752       658 stat
  3,66    0,000114           4        24           mmap
  1,19    0,000037           5         7           mprotect
  0,55    0,000017          17         1           write
  0,51    0,000016           2         6           fstat
  0,51    0,000016           3         5           brk
  0,42    0,000013          13         1           munmap
  0,42    0,000013           2         6           pread64
  0,35    0,000011           2         4           read
  0,32    0,000010           2         5           close
  0,19    0,000006           3         2           clock_gettime
  0,06    0,000002           1         2         1 arch_prctl
  0,00    0,000000           0         1         1 access
  0,00    0,000000           0         1           execve
------ ----------- ----------- --------- --------- ----------------
100.00    0,003111                  1856      1694 total
Ejecutando Prueba nº 10
% time     seconds  usecs/call     calls    errors syscall
------ ----------- ----------- --------- --------- ----------------
 50,62    0,001990           1      1039      1034 openat
 41,13    0,001617           2       752       658 stat
  4,81    0,000189         189         1           execve
  0,81    0,000032           1        24           mmap
  0,71    0,000028           4         7           brk
  0,69    0,000027           3         7           mprotect
  0,36    0,000014          14         1           write
  0,28    0,000011          11         1           munmap
  0,13    0,000005           5         1         1 access
  0,13    0,000005           2         2           clock_gettime
  0,10    0,000004           0         6           fstat
  0,10    0,000004           2         2         1 arch_prctl
  0,08    0,000003           0         4           read
  0,05    0,000002           0         5           close
  0,00    0,000000           0         6           pread64
------ ----------- ----------- --------- --------- ----------------
100.00    0,003931                  1858      1694 total
Ejecutando Prueba nº 11
% time     seconds  usecs/call     calls    errors syscall
------ ----------- ----------- --------- --------- ----------------
 59,13    0,002927           2      1039      1034 openat
 35,19    0,001742           2       752       658 stat
  2,14    0,000106           4        24           mmap
  1,13    0,000056           8         7           mprotect
  0,57    0,000028           4         7           brk
  0,34    0,000017          17         1           write
  0,34    0,000017           2         6           fstat
  0,30    0,000015          15         1           munmap
  0,28    0,000014           2         6           pread64
  0,22    0,000011           2         4           read
  0,20    0,000010           2         5           close
  0,10    0,000005           2         2           clock_gettime
  0,04    0,000002           1         2         1 arch_prctl
  0,00    0,000000           0         1         1 access
  0,00    0,000000           0         1           execve
------ ----------- ----------- --------- --------- ----------------
100.00    0,004950                  1858      1694 total
Ejecutando Prueba nº 12
% time     seconds  usecs/call     calls    errors syscall
------ ----------- ----------- --------- --------- ----------------
 63,56    0,002037           1      1039      1034 openat
 28,30    0,000907           1       752       658 stat
  3,34    0,000107           4        24           mmap
  1,22    0,000039           5         7           mprotect
  0,94    0,000030           4         7           brk
  0,47    0,000015          15         1           write
  0,47    0,000015           2         6           fstat
  0,41    0,000013          13         1           munmap
  0,41    0,000013           2         6           pread64
  0,37    0,000012           3         4           read
  0,31    0,000010           2         5           close
  0,16    0,000005           2         2           clock_gettime
  0,06    0,000002           1         2         1 arch_prctl
  0,00    0,000000           0         1         1 access
  0,00    0,000000           0         1           execve
------ ----------- ----------- --------- --------- ----------------
100.00    0,003205                  1858      1694 total
Ejecutando Prueba nº 13
% time     seconds  usecs/call     calls    errors syscall
------ ----------- ----------- --------- --------- ----------------
 61,82    0,002223           2      1039      1034 openat
 30,65    0,001102           1       752       658 stat
  3,06    0,000110           4        24           mmap
  1,33    0,000048           4        12           brk
  1,06    0,000038           5         7           mprotect
  0,39    0,000014          14         1           munmap
  0,36    0,000013           2         6           pread64
  0,33    0,000012           3         4           read
  0,33    0,000012           2         5           close
  0,33    0,000012           2         6           fstat
  0,14    0,000005           5         1           write
  0,14    0,000005           2         2           clock_gettime
  0,06    0,000002           1         2         1 arch_prctl
  0,00    0,000000           0         1         1 access
  0,00    0,000000           0         1           execve
------ ----------- ----------- --------- --------- ----------------
100.00    0,003596                  1863      1694 total
Ejecutando Prueba nº 14
% time     seconds  usecs/call     calls    errors syscall
------ ----------- ----------- --------- --------- ----------------
 61,58    0,003133           3      1039      1034 openat
 31,37    0,001596           2       752       658 stat
  3,16    0,000161           6        24           mmap
  1,42    0,000072           3        21           brk
  0,98    0,000050           7         7           mprotect
  0,35    0,000018          18         1           munmap
  0,26    0,000013           3         4           read
  0,26    0,000013           2         6           fstat
  0,24    0,000012           2         6           pread64
  0,22    0,000011           2         5           close
  0,10    0,000005           2         2         1 arch_prctl
  0,08    0,000004           2         2           clock_gettime
  0,00    0,000000           0         1           write
  0,00    0,000000           0         1         1 access
  0,00    0,000000           0         1           execve
------ ----------- ----------- --------- --------- ----------------
100.00    0,005088                  1872      1694 total
Ejecutando Prueba nº 15
% time     seconds  usecs/call     calls    errors syscall
------ ----------- ----------- --------- --------- ----------------
 61,09    0,002300           2      1039      1034 openat
 29,85    0,001124           1       752       658 stat
  3,21    0,000121           3        34           brk
  2,82    0,000106           4        24           mmap
  1,04    0,000039           5         7           mprotect
  0,45    0,000017          17         1           munmap
  0,37    0,000014           2         6           pread64
  0,32    0,000012           3         4           read
  0,32    0,000012           2         6           fstat
  0,29    0,000011           2         5           close
  0,13    0,000005           2         2           clock_gettime
  0,05    0,000002           2         1           write
  0,05    0,000002           1         2         1 arch_prctl
  0,00    0,000000           0         1         1 access
  0,00    0,000000           0         1           execve
------ ----------- ----------- --------- --------- ----------------
100.00    0,003765                  1885      1694 total
Ejecutando Prueba nº 16
% time     seconds  usecs/call     calls    errors syscall
------ ----------- ----------- --------- --------- ----------------
 59,31    0,001736           1      1039      1034 openat
 18,69    0,000547           0       752       658 stat
 12,54    0,000367           7        50           brk
  4,48    0,000131           5        24           mmap
  1,50    0,000044           6         7           mprotect
  0,65    0,000019          19         1           write
  0,65    0,000019           3         6           fstat
  0,55    0,000016          16         1           munmap
  0,48    0,000014           2         6           pread64
  0,41    0,000012           3         4           read
  0,41    0,000012           2         5           close
  0,27    0,000008           4         2           clock_gettime
  0,07    0,000002           1         2         1 arch_prctl
  0,00    0,000000           0         1         1 access
  0,00    0,000000           0         1           execve
------ ----------- ----------- --------- --------- ----------------
100.00    0,002927                  1901      1694 total
Ejecutando Prueba nº 17
% time     seconds  usecs/call     calls    errors syscall
------ ----------- ----------- --------- --------- ----------------
 54,62    0,002337           2      1039      1034 openat
 28,96    0,001239           1       752       658 stat
 10,87    0,000465           6        68           brk
  2,45    0,000105           4        24           mmap
  0,86    0,000037           5         7           mprotect
  0,47    0,000020          20         1           write
  0,37    0,000016          16         1           munmap
  0,35    0,000015           2         6           fstat
  0,33    0,000014           2         6           pread64
  0,28    0,000012           3         4           read
  0,23    0,000010           2         5           close
  0,16    0,000007           3         2           clock_gettime
  0,05    0,000002           1         2         1 arch_prctl
  0,00    0,000000           0         1         1 access
  0,00    0,000000           0         1           execve
------ ----------- ----------- --------- --------- ----------------
100.00    0,004279                  1919      1694 total
Ejecutando Prueba nº 18
% time     seconds  usecs/call     calls    errors syscall
------ ----------- ----------- --------- --------- ----------------
 58,67    0,003407           3      1039      1034 openat
 35,35    0,002053           2       752       658 stat
  2,34    0,000136           1        92           brk
  1,83    0,000106           4        24           mmap
  0,64    0,000037           5         7           mprotect
  0,26    0,000015          15         1           munmap
  0,22    0,000013           2         6           fstat
  0,21    0,000012           3         4           read
  0,21    0,000012           2         6           pread64
  0,17    0,000010           2         5           close
  0,05    0,000003           1         2           clock_gettime
  0,03    0,000002           1         2         1 arch_prctl
  0,02    0,000001           1         1           write
  0,00    0,000000           0         1         1 access
  0,00    0,000000           0         1           execve
------ ----------- ----------- --------- --------- ----------------
100.00    0,005807                  1943      1694 total
Ejecutando Prueba nº 19
% time     seconds  usecs/call     calls    errors syscall
------ ----------- ----------- --------- --------- ----------------
 57,95    0,002220           2      1039      1034 openat
 28,53    0,001093           1       752       658 stat
  7,78    0,000298           2       118           brk
  3,00    0,000115           4        24           mmap
  0,99    0,000038           5         7           mprotect
  0,34    0,000013          13         1           munmap
  0,34    0,000013           2         6           pread64
  0,31    0,000012           3         4           read
  0,31    0,000012           2         6           fstat
  0,26    0,000010           2         5           close
  0,10    0,000004           2         2           clock_gettime
  0,05    0,000002           1         2         1 arch_prctl
  0,03    0,000001           1         1           write
  0,00    0,000000           0         1         1 access
  0,00    0,000000           0         1           execve
------ ----------- ----------- --------- --------- ----------------
100.00    0,003831                  1969      1694 total
Ejecutando Prueba nº 20
% time     seconds  usecs/call     calls    errors syscall
------ ----------- ----------- --------- --------- ----------------
 50,48    0,002354           2      1039      1034 openat
 22,58    0,001053           1       752       658 stat
 21,42    0,000999           6       147           brk
  2,55    0,000119           4        24           mmap
  0,88    0,000041           5         7           mprotect
  0,41    0,000019          19         1           write
  0,39    0,000018           3         6           fstat
  0,32    0,000015           2         6           pread64
  0,30    0,000014          14         1           munmap
  0,26    0,000012           3         4           read
  0,24    0,000011           2         5           close
  0,13    0,000006           3         2           clock_gettime
  0,04    0,000002           1         2         1 arch_prctl
  0,00    0,000000           0         1         1 access
  0,00    0,000000           0         1           execve
------ ----------- ----------- --------- --------- ----------------
100.00    0,004663                  1998      1694 total
Ejecutando Prueba nº 21
% time     seconds  usecs/call     calls    errors syscall
------ ----------- ----------- --------- --------- ----------------
 48,22    0,001895           1      1039      1034 openat
 30,59    0,001202           6       182           brk
 15,19    0,000597           0       752       658 stat
  2,98    0,000117           4        24           mmap
  0,99    0,000039           5         7           mprotect
  0,41    0,000016          16         1           munmap
  0,38    0,000015           2         6           fstat
  0,38    0,000015           2         6           pread64
  0,33    0,000013           3         4           read
  0,28    0,000011           2         5           close
  0,18    0,000007           3         2           clock_gettime
  0,05    0,000002           1         2         1 arch_prctl
  0,03    0,000001           1         1           write
  0,00    0,000000           0         1         1 access
  0,00    0,000000           0         1           execve
------ ----------- ----------- --------- --------- ----------------
100.00    0,003930                  2033      1694 total
Ejecutando Prueba nº 22
% time     seconds  usecs/call     calls    errors syscall
------ ----------- ----------- --------- --------- ----------------
 55,47    0,002140           2      1039      1034 openat
 26,85    0,001036           1       752       658 stat
 12,10    0,000467           2       214           brk
  2,62    0,000101           4        24           mmap
  1,04    0,000040           5         7           mprotect
  0,52    0,000020          20         1           munmap
  0,36    0,000014           2         6           pread64
  0,34    0,000013           3         4           read
  0,29    0,000011           1         6           fstat
  0,26    0,000010           2         5           close
  0,10    0,000004           2         2           clock_gettime
  0,05    0,000002           1         2         1 arch_prctl
  0,00    0,000000           0         1           write
  0,00    0,000000           0         1         1 access
  0,00    0,000000           0         1           execve
------ ----------- ----------- --------- --------- ----------------
100.00    0,003858                  2065      1694 total
Ejecutando Prueba nº 23
% time     seconds  usecs/call     calls    errors syscall
------ ----------- ----------- --------- --------- ----------------
 59,38    0,003229           3      1039      1034 openat
 34,06    0,001852           2       752       658 stat
  3,38    0,000184           0       256           brk
  1,88    0,000102           4        24           mmap
  0,40    0,000022           3         7           mprotect
  0,24    0,000013           3         4           read
  0,24    0,000013           2         6           pread64
  0,20    0,000011           1         6           fstat
  0,18    0,000010           2         5           close
  0,04    0,000002           1         2         1 arch_prctl
  0,00    0,000000           0         1           write
  0,00    0,000000           0         1           munmap
  0,00    0,000000           0         1         1 access
  0,00    0,000000           0         1           execve
  0,00    0,000000           0         2           clock_gettime
------ ----------- ----------- --------- --------- ----------------
100.00    0,005438                  2107      1694 total
Ejecutando Prueba nº 24
% time     seconds  usecs/call     calls    errors syscall
------ ----------- ----------- --------- --------- ----------------
 43,62    0,003628           3      1039      1034 openat
 31,09    0,002586           8       305           brk
 22,04    0,001833           2       752       658 stat
  1,64    0,000136           5        24           mmap
  0,58    0,000048           6         7           mprotect
  0,22    0,000018           3         6           pread64
  0,20    0,000017          17         1           munmap
  0,17    0,000014           3         4           read
  0,17    0,000014           2         5           close
  0,17    0,000014           2         6           fstat
  0,06    0,000005           2         2           clock_gettime
  0,04    0,000003           1         2         1 arch_prctl
  0,01    0,000001           1         1           write
  0,00    0,000000           0         1         1 access
  0,00    0,000000           0         1           execve
------ ----------- ----------- --------- --------- ----------------
100.00    0,008317                  2156      1694 total
Ejecutando Prueba nº 25
% time     seconds  usecs/call     calls    errors syscall
------ ----------- ----------- --------- --------- ----------------
 53,28    0,003007           2      1039      1034 openat
 29,36    0,001657           2       752       658 stat
 13,47    0,000760           2       350           brk
  1,98    0,000112           4        24           mmap
  0,67    0,000038           5         7           mprotect
  0,27    0,000015          15         1           munmap
  0,23    0,000013           3         4           read
  0,23    0,000013           2         6           fstat
  0,21    0,000012           2         5           close
  0,21    0,000012           2         6           pread64
  0,05    0,000003           1         2           clock_gettime
  0,04    0,000002           1         2         1 arch_prctl
  0,00    0,000000           0         1           write
  0,00    0,000000           0         1         1 access
  0,00    0,000000           0         1           execve
------ ----------- ----------- --------- --------- ----------------
100.00    0,005644                  2201      1694 total
Ejecutando Prueba nº 26
% time     seconds  usecs/call     calls    errors syscall
------ ----------- ----------- --------- --------- ----------------
 55,66    0,003063           2      1039      1034 openat
 30,62    0,001685           2       752       658 stat
  9,52    0,000524           1       387           brk
  2,18    0,000120           5        24           mmap
  0,76    0,000042           6         7           mprotect
  0,29    0,000016          16         1           munmap
  0,24    0,000013           3         4           read
  0,24    0,000013           2         6           pread64
  0,22    0,000012           2         6           fstat
  0,18    0,000010           2         5           close
  0,05    0,000003           1         2           clock_gettime
  0,04    0,000002           1         2         1 arch_prctl
  0,00    0,000000           0         1           write
  0,00    0,000000           0         1         1 access
  0,00    0,000000           0         1           execve
------ ----------- ----------- --------- --------- ----------------
100.00    0,005503                  2238      1694 total
Ejecutando Prueba nº 27
% time     seconds  usecs/call     calls    errors syscall
------ ----------- ----------- --------- --------- ----------------
 43,72    0,004097           9       442           brk
 34,35    0,003219           3      1039      1034 openat
 19,37    0,001815           2       752       658 stat
  1,13    0,000106           4        24           mmap
  0,41    0,000038           5         7           mprotect
  0,26    0,000024          24         1           write
  0,17    0,000016           2         6           fstat
  0,15    0,000014          14         1           munmap
  0,14    0,000013           3         4           read
  0,13    0,000012           2         6           pread64
  0,11    0,000010           2         5           close
  0,06    0,000006           3         2           clock_gettime
  0,02    0,000002           1         2         1 arch_prctl
  0,00    0,000000           0         1         1 access
  0,00    0,000000           0         1           execve
------ ----------- ----------- --------- --------- ----------------
100.00    0,009372                  2293      1694 total
Ejecutando Prueba nº 28
% time     seconds  usecs/call     calls    errors syscall
------ ----------- ----------- --------- --------- ----------------
 98,71    0,003533           6       515           brk
  0,59    0,000021          21         1           write
  0,59    0,000021          10         2           clock_gettime
  0,11    0,000004           0         6           fstat
  0,00    0,000000           0         4           read
  0,00    0,000000           0         5           close
  0,00    0,000000           0       752       658 stat
  0,00    0,000000           0        24           mmap
  0,00    0,000000           0         7           mprotect
  0,00    0,000000           0         1           munmap
  0,00    0,000000           0         6           pread64
  0,00    0,000000           0         1         1 access
  0,00    0,000000           0         1           execve
  0,00    0,000000           0         2         1 arch_prctl
  0,00    0,000000           0      1039      1034 openat
------ ----------- ----------- --------- --------- ----------------
100.00    0,003579                  2366      1694 total
Ejecutando Prueba nº 29
% time     seconds  usecs/call     calls    errors syscall
------ ----------- ----------- --------- --------- ----------------
 92,97    0,004180           7       545           brk
  4,69    0,000211           0      1039      1034 openat
  0,65    0,000029           4         7           mprotect
  0,49    0,000022           0        24           mmap
  0,47    0,000021          21         1           write
  0,31    0,000014          14         1           munmap
  0,13    0,000006           1         6           fstat
  0,13    0,000006           3         2           clock_gettime
  0,07    0,000003           0         4           read
  0,04    0,000002           0         5           close
  0,04    0,000002           1         2         1 arch_prctl
  0,00    0,000000           0       752       658 stat
  0,00    0,000000           0         6           pread64
  0,00    0,000000           0         1         1 access
  0,00    0,000000           0         1           execve
------ ----------- ----------- --------- --------- ----------------
100.00    0,004496                  2396      1694 total
Ejecutando Prueba nº 30
% time     seconds  usecs/call     calls    errors syscall
------ ----------- ----------- --------- --------- ----------------
 59,18    0,007173          11       639           brk
 24,89    0,003017           2      1039      1034 openat
 13,92    0,001687           2       752       658 stat
  0,91    0,000110           4        24           mmap
  0,33    0,000040           5         7           mprotect
  0,18    0,000022          22         1           write
  0,13    0,000016           2         6           fstat
  0,11    0,000013          13         1           munmap
  0,10    0,000012           3         4           read
  0,10    0,000012           2         6           pread64
  0,08    0,000010           2         5           close
  0,05    0,000006           3         2           clock_gettime
  0,02    0,000002           1         2         1 arch_prctl
  0,00    0,000000           0         1         1 access
  0,00    0,000000           0         1           execve
------ ----------- ----------- --------- --------- ----------------
100.00    0,012120                  2490      1694 total
Ejecutando Prueba nº 31
% time     seconds  usecs/call     calls    errors syscall
------ ----------- ----------- --------- --------- ----------------
 44,57    0,004613           6       672           brk
 32,25    0,003338           3      1039      1034 openat
 18,97    0,001963           2       752       658 stat
  1,76    0,000182         182         1           execve
  1,10    0,000114           4        24           mmap
  0,37    0,000038           5         7           mprotect
  0,20    0,000021          21         1           write
  0,14    0,000014           2         6           fstat
  0,14    0,000014          14         1           munmap
  0,13    0,000013           2         6           pread64
  0,11    0,000011           2         4           read
  0,11    0,000011           2         5           close
  0,09    0,000009           4         2           clock_gettime
  0,05    0,000005           5         1         1 access
  0,04    0,000004           2         2         1 arch_prctl
------ ----------- ----------- --------- --------- ----------------
100.00    0,010350                  2523      1694 total
Ejecutando Prueba nº 32
% time     seconds  usecs/call     calls    errors syscall
------ ----------- ----------- --------- --------- ----------------
 99,29    0,006261           8       776           brk
  0,35    0,000022          22         1           write
  0,30    0,000019           9         2           clock_gettime
  0,06    0,000004           0         6           fstat
  0,00    0,000000           0         4           read
  0,00    0,000000           0         5           close
  0,00    0,000000           0       752       658 stat
  0,00    0,000000           0        24           mmap
  0,00    0,000000           0         7           mprotect
  0,00    0,000000           0         1           munmap
  0,00    0,000000           0         6           pread64
  0,00    0,000000           0         1         1 access
  0,00    0,000000           0         1           execve
  0,00    0,000000           0         2         1 arch_prctl
  0,00    0,000000           0      1039      1034 openat
------ ----------- ----------- --------- --------- ----------------
100.00    0,006306                  2627      1694 total
Ejecutando Prueba nº 33
% time     seconds  usecs/call     calls    errors syscall
------ ----------- ----------- --------- --------- ----------------
 59,64    0,004692           5       830           brk
 22,59    0,001777           1      1039      1034 openat
 12,46    0,000980           1       752       658 stat
  2,48    0,000195         195         1           execve
  1,37    0,000108           4        24           mmap
  0,43    0,000034           4         7           mprotect
  0,28    0,000022          22         1           write
  0,19    0,000015          15         1           munmap
  0,14    0,000011           1         6           fstat
  0,09    0,000007           1         4           read
  0,09    0,000007           1         5           close
  0,08    0,000006           1         6           pread64
  0,08    0,000006           3         2           clock_gettime
  0,05    0,000004           4         1         1 access
  0,04    0,000003           1         2         1 arch_prctl
------ ----------- ----------- --------- --------- ----------------
100.00    0,007867                  2681      1694 total
Ejecutando Prueba nº 34
% time     seconds  usecs/call     calls    errors syscall
------ ----------- ----------- --------- --------- ----------------
 56,68    0,005812           6       868           brk
 26,47    0,002714           2      1039      1034 openat
 14,37    0,001474           1       752       658 stat
  1,16    0,000119           4        24           mmap
  0,57    0,000058           8         7           mprotect
  0,22    0,000023          23         1           munmap
  0,13    0,000013           3         4           read
  0,12    0,000012           2         6           pread64
  0,11    0,000011           1         6           fstat
  0,10    0,000010           2         5           close
  0,06    0,000006           3         2           clock_gettime
  0,02    0,000002           1         2         1 arch_prctl
  0,00    0,000000           0         1           write
  0,00    0,000000           0         1         1 access
  0,00    0,000000           0         1           execve
------ ----------- ----------- --------- --------- ----------------
100.00    0,010254                  2719      1694 total
Ejecutando Prueba nº 35
% time     seconds  usecs/call     calls    errors syscall
------ ----------- ----------- --------- --------- ----------------
 65,90    0,008785           8      1001           brk
 20,85    0,002780           2      1039      1034 openat
 11,59    0,001545           2       752       658 stat
  0,74    0,000098           4        24           mmap
  0,26    0,000035           5         7           mprotect
  0,17    0,000022          22         1           write
  0,11    0,000015           2         6           fstat
  0,09    0,000012           2         6           pread64
  0,08    0,000011          11         1           munmap
  0,07    0,000009           2         4           read
  0,07    0,000009           4         2           clock_gettime
  0,06    0,000008           1         5           close
  0,02    0,000002           1         2         1 arch_prctl
  0,00    0,000000           0         1         1 access
  0,00    0,000000           0         1           execve
------ ----------- ----------- --------- --------- ----------------
100.00    0,013331                  2852      1694 total
Ejecutando Prueba nº 36
% time     seconds  usecs/call     calls    errors syscall
------ ----------- ----------- --------- --------- ----------------
 72,06    0,009421           8      1077           brk
 17,35    0,002268           2      1039      1034 openat
  9,04    0,001182           1       752       658 stat
  0,79    0,000103           4        24           mmap
  0,28    0,000036           5         7           mprotect
  0,11    0,000014           2         6           pread64
  0,09    0,000012           3         4           read
  0,09    0,000012          12         1           munmap
  0,08    0,000010           2         5           close
  0,08    0,000010           1         6           fstat
  0,02    0,000003           1         2           clock_gettime
  0,02    0,000002           1         2         1 arch_prctl
  0,00    0,000000           0         1           write
  0,00    0,000000           0         1         1 access
  0,00    0,000000           0         1           execve
------ ----------- ----------- --------- --------- ----------------
100.00    0,013073                  2928      1694 total
Ejecutando Prueba nº 37
% time     seconds  usecs/call     calls    errors syscall
------ ----------- ----------- --------- --------- ----------------
 91,68    0,010074           8      1120           brk
  6,46    0,000710           0      1039      1034 openat
  0,66    0,000073           3        24           mmap
  0,42    0,000046           6         7           mprotect
  0,19    0,000021          21         1           munmap
  0,15    0,000017          17         1           write
  0,12    0,000013           2         6           pread64
  0,09    0,000010           5         2           clock_gettime
  0,08    0,000009           1         6           fstat
  0,06    0,000007           1         4           read
  0,05    0,000005           1         5           close
  0,03    0,000003           1         2         1 arch_prctl
  0,00    0,000000           0       752       658 stat
  0,00    0,000000           0         1         1 access
  0,00    0,000000           0         1           execve
------ ----------- ----------- --------- --------- ----------------
100.00    0,010988                  2971      1694 total
Ejecutando Prueba nº 38
% time     seconds  usecs/call     calls    errors syscall
------ ----------- ----------- --------- --------- ----------------
 77,08    0,010902           9      1163           brk
 14,82    0,002096           2      1039      1034 openat
  6,51    0,000921           1       752       658 stat
  0,79    0,000112           4        24           mmap
  0,29    0,000041           5         7           mprotect
  0,11    0,000015          15         1           munmap
  0,10    0,000014           3         4           read
  0,10    0,000014           2         6           fstat
  0,08    0,000012           2         6           pread64
  0,08    0,000011           2         5           close
  0,02    0,000003           1         2           clock_gettime
  0,01    0,000002           1         2         1 arch_prctl
  0,00    0,000000           0         1           write
  0,00    0,000000           0         1         1 access
  0,00    0,000000           0         1           execve
------ ----------- ----------- --------- --------- ----------------
100.00    0,014143                  3014      1694 total
Ejecutando Prueba nº 39
% time     seconds  usecs/call     calls    errors syscall
------ ----------- ----------- --------- --------- ----------------
 64,83    0,009235           6      1329           brk
 20,72    0,002952           2      1039      1034 openat
 12,36    0,001761           2       752       658 stat
  0,89    0,000127           5        24           mmap
  0,34    0,000048           6         7           mprotect
  0,24    0,000034          34         1           munmap
  0,13    0,000019          19         1           write
  0,13    0,000018           3         6           fstat
  0,11    0,000015           3         4           read
  0,09    0,000013           2         5           close
  0,08    0,000012           2         6           pread64
  0,06    0,000009           4         2           clock_gettime
  0,02    0,000003           1         2         1 arch_prctl
  0,00    0,000000           0         1         1 access
  0,00    0,000000           0         1           execve
------ ----------- ----------- --------- --------- ----------------
100.00    0,014246                  3180      1694 total
Ejecutando Prueba nº 40
% time     seconds  usecs/call     calls    errors syscall
------ ----------- ----------- --------- --------- ----------------
 77,73    0,014939          10      1456           brk
 14,09    0,002708           2      1039      1034 openat
  6,57    0,001262           1       752       658 stat
  0,69    0,000132           5        24           mmap
  0,27    0,000051           7         7           mprotect
  0,19    0,000037          37         1           munmap
  0,10    0,000019          19         1           write
  0,09    0,000017           2         6           pread64
  0,07    0,000014           3         4           read
  0,07    0,000014           2         6           fstat
  0,07    0,000013           2         5           close
  0,05    0,000010           5         2           clock_gettime
  0,01    0,000002           1         2         1 arch_prctl
  0,00    0,000000           0         1         1 access
  0,00    0,000000           0         1           execve
------ ----------- ----------- --------- --------- ----------------
100.00    0,019218                  3307      1694 total
Ejecutando Prueba nº 41
% time     seconds  usecs/call     calls    errors syscall
------ ----------- ----------- --------- --------- ----------------
 62,27    0,010339           6      1506           brk
 21,89    0,003634           3      1039      1034 openat
 12,86    0,002135           2       752       658 stat
  1,47    0,000244          10        24           mmap
  1,08    0,000179         179         1           execve
  0,13    0,000022           3         7           mprotect
  0,07    0,000012           2         6           pread64
  0,07    0,000011           2         4           read
  0,06    0,000010           2         5           close
  0,06    0,000010           1         6           fstat
  0,02    0,000004           4         1         1 access
  0,02    0,000004           2         2         1 arch_prctl
  0,00    0,000000           0         1           write
  0,00    0,000000           0         1           munmap
  0,00    0,000000           0         2           clock_gettime
------ ----------- ----------- --------- --------- ----------------
100.00    0,016604                  3357      1694 total
Ejecutando Prueba nº 42
% time     seconds  usecs/call     calls    errors syscall
------ ----------- ----------- --------- --------- ----------------
 81,77    0,016433          10      1556           brk
 11,75    0,002362           2      1039      1034 openat
  5,46    0,001098           1       752       658 stat
  0,52    0,000104           4        24           mmap
  0,18    0,000036           5         7           mprotect
  0,07    0,000015          15         1           munmap
  0,06    0,000013           3         4           read
  0,06    0,000012           2         6           pread64
  0,05    0,000010           1         6           fstat
  0,04    0,000009           1         5           close
  0,01    0,000003           1         2           clock_gettime
  0,01    0,000002           1         2         1 arch_prctl
  0,00    0,000000           0         1           write
  0,00    0,000000           0         1         1 access
  0,00    0,000000           0         1           execve
------ ----------- ----------- --------- --------- ----------------
100.00    0,020097                  3407      1694 total
Ejecutando Prueba nº 43
% time     seconds  usecs/call     calls    errors syscall
------ ----------- ----------- --------- --------- ----------------
 74,53    0,016439          10      1606           brk
 15,07    0,003323           3      1039      1034 openat
  9,01    0,001987           2       752       658 stat
  0,54    0,000120           5        24           mmap
  0,18    0,000040           5         7           mprotect
  0,15    0,000032           8         4           read
  0,14    0,000030          30         1           write
  0,13    0,000029           5         5           close
  0,08    0,000017           2         6           fstat
  0,07    0,000015          15         1           munmap
  0,06    0,000014           2         6           pread64
  0,04    0,000008           4         2           clock_gettime
  0,01    0,000002           1         2         1 arch_prctl
  0,00    0,000000           0         1         1 access
  0,00    0,000000           0         1           execve
------ ----------- ----------- --------- --------- ----------------
100.00    0,022056                  3457      1694 total
Ejecutando Prueba nº 44
% time     seconds  usecs/call     calls    errors syscall
------ ----------- ----------- --------- --------- ----------------
 70,12    0,019926          11      1727           brk
 18,00    0,005114           4      1039      1034 openat
 10,45    0,002968           3       752       658 stat
  0,63    0,000179           7        24           mmap
  0,33    0,000094          13         7           mprotect
  0,09    0,000025          25         1           munmap
  0,09    0,000025           4         6           pread64
  0,07    0,000019          19         1           write
  0,06    0,000018           3         6           fstat
  0,05    0,000015           3         4           read
  0,05    0,000014           2         5           close
  0,04    0,000011           5         2           clock_gettime
  0,02    0,000007           3         2         1 arch_prctl
  0,00    0,000000           0         1         1 access
  0,00    0,000000           0         1           execve
------ ----------- ----------- --------- --------- ----------------
100.00    0,028415                  3578      1694 total
Ejecutando Prueba nº 45
% time     seconds  usecs/call     calls    errors syscall
------ ----------- ----------- --------- --------- ----------------
 76,34    0,019632           9      2046           brk
 13,53    0,003480           3      1039      1034 openat
  8,14    0,002094           2       752       658 stat
  0,76    0,000195         195         1           execve
  0,56    0,000143           5        24           mmap
  0,23    0,000058           8         7           mprotect
  0,18    0,000046          46         1           write
  0,05    0,000012           2         6           fstat
  0,05    0,000012          12         1           munmap
  0,05    0,000012           2         6           pread64
  0,04    0,000011           2         4           read
  0,04    0,000010           2         5           close
  0,02    0,000004           4         1         1 access
  0,01    0,000003           1         2         1 arch_prctl
  0,01    0,000003           1         2           clock_gettime
------ ----------- ----------- --------- --------- ----------------
100.00    0,025715                  3897      1694 total
Ejecutando Prueba nº 46
% time     seconds  usecs/call     calls    errors syscall
------ ----------- ----------- --------- --------- ----------------
 80,62    0,020442           9      2106           brk
 12,01    0,003046           2      1039      1034 openat
  5,97    0,001514           2       752       658 stat
  0,64    0,000162           6        24           mmap
  0,24    0,000060           8         7           mprotect
  0,17    0,000043          43         1           write
  0,09    0,000022          22         1           munmap
  0,07    0,000017           2         6           fstat
  0,06    0,000014           3         4           read
  0,05    0,000013           2         6           pread64
  0,05    0,000012           2         5           close
  0,04    0,000009           4         2           clock_gettime
  0,01    0,000003           1         2         1 arch_prctl
  0,00    0,000000           0         1         1 access
  0,00    0,000000           0         1           execve
------ ----------- ----------- --------- --------- ----------------
100.00    0,025357                  3957      1694 total
Ejecutando Prueba nº 47
% time     seconds  usecs/call     calls    errors syscall
------ ----------- ----------- --------- --------- ----------------
 83,68    0,021204           9      2166           brk
  9,90    0,002509           2      1039      1034 openat
  5,53    0,001401           1       752       658 stat
  0,39    0,000099           4        24           mmap
  0,14    0,000035           5         7           mprotect
  0,07    0,000018          18         1           write
  0,06    0,000015           2         6           fstat
  0,05    0,000012           3         4           read
  0,05    0,000012          12         1           munmap
  0,05    0,000012           2         6           pread64
  0,05    0,000012           6         2           clock_gettime
  0,04    0,000010           2         5           close
  0,00    0,000001           0         2         1 arch_prctl
  0,00    0,000000           0         1         1 access
  0,00    0,000000           0         1           execve
------ ----------- ----------- --------- --------- ----------------
100.00    0,025340                  4017      1694 total
Ejecutando Prueba nº 48
% time     seconds  usecs/call     calls    errors syscall
------ ----------- ----------- --------- --------- ----------------
 88,70    0,024832          11      2226           brk
  7,04    0,001970           1      1039      1034 openat
  3,66    0,001024           1       752       658 stat
  0,29    0,000081           3        24           mmap
  0,12    0,000033           4         7           mprotect
  0,05    0,000014           2         6           pread64
  0,05    0,000013          13         1           munmap
  0,03    0,000008           2         4           read
  0,03    0,000008           1         6           fstat
  0,03    0,000007           1         5           close
  0,01    0,000003           1         2           clock_gettime
  0,01    0,000002           1         2         1 arch_prctl
  0,00    0,000000           0         1           write
  0,00    0,000000           0         1         1 access
  0,00    0,000000           0         1           execve
------ ----------- ----------- --------- --------- ----------------
100.00    0,027995                  4077      1694 total
Ejecutando Prueba nº 49
% time     seconds  usecs/call     calls    errors syscall
------ ----------- ----------- --------- --------- ----------------
 95,66    0,028021          12      2286           brk
  3,63    0,001062           1      1039      1034 openat
  0,30    0,000088           3        24           mmap
  0,11    0,000031           4         7           mprotect
  0,06    0,000018          18         1           write
  0,06    0,000018           3         6           pread64
  0,04    0,000013           2         6           fstat
  0,04    0,000012          12         1           munmap
  0,03    0,000010           2         4           read
  0,03    0,000009           4         2           clock_gettime
  0,03    0,000008           1         5           close
  0,01    0,000002           1         2         1 arch_prctl
  0,00    0,000000           0       752       658 stat
  0,00    0,000000           0         1         1 access
  0,00    0,000000           0         1           execve
------ ----------- ----------- --------- --------- ----------------
100.00    0,029292                  4137      1694 total
Ejecutando Prueba nº 50
% time     seconds  usecs/call     calls    errors syscall
------ ----------- ----------- --------- --------- ----------------
 83,93    0,020078           8      2346           brk
  9,62    0,002302           2      1039      1034 openat
  5,81    0,001390           1       752       658 stat
  0,37    0,000089           3        24           mmap
  0,10    0,000025           3         7           mprotect
  0,04    0,000010           5         2         1 arch_prctl
  0,04    0,000009           2         4           read
  0,03    0,000007           1         5           close
  0,03    0,000007           1         6           pread64
  0,03    0,000006           1         6           fstat
  0,00    0,000000           0         1           write
  0,00    0,000000           0         1           munmap
  0,00    0,000000           0         1         1 access
  0,00    0,000000           0         1           execve
  0,00    0,000000           0         2           clock_gettime
------ ----------- ----------- --------- --------- ----------------
100.00    0,023923                  4197      1694 total
Ejecutando Prueba nº 51
% time     seconds  usecs/call     calls    errors syscall
------ ----------- ----------- --------- --------- ----------------
 84,55    0,031017          12      2406           brk
  9,24    0,003390           3      1039      1034 openat
  5,55    0,002036           2       752       658 stat
  0,28    0,000103           4        24           mmap
  0,15    0,000055           7         7           mprotect
  0,05    0,000017          17         1           write
  0,04    0,000014           2         6           fstat
  0,03    0,000012          12         1           munmap
  0,03    0,000012           2         6           pread64
  0,03    0,000011           2         4           read
  0,03    0,000010           2         5           close
  0,02    0,000006           3         2           clock_gettime
  0,01    0,000002           1         2         1 arch_prctl
  0,00    0,000000           0         1         1 access
  0,00    0,000000           0         1           execve
------ ----------- ----------- --------- --------- ----------------
100.00    0,036685                  4257      1694 total
Ejecutando Prueba nº 52
% time     seconds  usecs/call     calls    errors syscall
------ ----------- ----------- --------- --------- ----------------
 84,16    0,032223          12      2480           brk
  9,02    0,003452           3      1039      1034 openat
  5,64    0,002159           2       752       658 stat
  0,47    0,000180         180         1           execve
  0,32    0,000121           5        24           mmap
  0,10    0,000037           5         7           mprotect
  0,05    0,000021          10         2           clock_gettime
  0,05    0,000020          20         1           write
  0,05    0,000018           3         6           fstat
  0,04    0,000014          14         1           munmap
  0,04    0,000014           2         6           pread64
  0,03    0,000012           3         4           read
  0,03    0,000010           2         5           close
  0,01    0,000004           4         1         1 access
  0,01    0,000004           2         2         1 arch_prctl
------ ----------- ----------- --------- --------- ----------------
100.00    0,038289                  4331      1694 total
Ejecutando Prueba nº 53
% time     seconds  usecs/call     calls    errors syscall
------ ----------- ----------- --------- --------- ----------------
 96,17    0,036408          13      2615           brk
  2,81    0,001063           1      1039      1034 openat
  0,45    0,000169           0       752       658 stat
  0,26    0,000099           4        24           mmap
  0,09    0,000033           4         7           mprotect
  0,05    0,000018          18         1           write
  0,04    0,000014           2         6           fstat
  0,04    0,000014          14         1           munmap
  0,03    0,000012           2         6           pread64
  0,03    0,000011           2         4           read
  0,03    0,000010           2         5           close
  0,02    0,000006           3         2           clock_gettime
  0,01    0,000002           1         2         1 arch_prctl
  0,00    0,000000           0         1         1 access
  0,00    0,000000           0         1           execve
------ ----------- ----------- --------- --------- ----------------
100.00    0,037859                  4466      1694 total
Ejecutando Prueba nº 54
% time     seconds  usecs/call     calls    errors syscall
------ ----------- ----------- --------- --------- ----------------
 90,54    0,039279          12      3231           brk
  5,80    0,002517           2      1039      1034 openat
  3,04    0,001317           1       752       658 stat
  0,25    0,000107           4        24           mmap
  0,10    0,000043           6         7           mprotect
  0,09    0,000041          41         1           write
  0,04    0,000018          18         1           munmap
  0,03    0,000015           2         6           fstat
  0,03    0,000014           2         6           pread64
  0,03    0,000011           2         4           read
  0,02    0,000010           2         5           close
  0,02    0,000009           4         2           clock_gettime
  0,00    0,000002           1         2         1 arch_prctl
  0,00    0,000000           0         1         1 access
  0,00    0,000000           0         1           execve
------ ----------- ----------- --------- --------- ----------------
100.00    0,043383                  5082      1694 total
Ejecutando Prueba nº 55
% time     seconds  usecs/call     calls    errors syscall
------ ----------- ----------- --------- --------- ----------------
 87,98    0,035505          10      3306           brk
  7,47    0,003015           2      1039      1034 openat
  4,06    0,001638           2       752       658 stat
  0,25    0,000099           4        24           mmap
  0,09    0,000037           5         7           mprotect
  0,03    0,000013          13         1           munmap
  0,03    0,000012           2         6           pread64
  0,03    0,000011           2         4           read
  0,03    0,000011           1         6           fstat
  0,02    0,000010           2         5           close
  0,01    0,000003           1         2           clock_gettime
  0,00    0,000002           1         2         1 arch_prctl
  0,00    0,000000           0         1           write
  0,00    0,000000           0         1         1 access
  0,00    0,000000           0         1           execve
------ ----------- ----------- --------- --------- ----------------
100.00    0,040356                  5157      1694 total
Ejecutando Prueba nº 56
% time     seconds  usecs/call     calls    errors syscall
------ ----------- ----------- --------- --------- ----------------
 88,81    0,037462          11      3381           brk
  6,70    0,002825           2      1039      1034 openat
  4,08    0,001723           2       752       658 stat
  0,19    0,000082           3        24           mmap
  0,05    0,000020          10         2           clock_gettime
  0,05    0,000019          19         1           write
  0,03    0,000013           2         6           fstat
  0,03    0,000012           2         6           pread64
  0,02    0,000008           2         4           read
  0,02    0,000008           1         5           close
  0,02    0,000008           1         7           mprotect
  0,00    0,000000           0         1           munmap
  0,00    0,000000           0         1         1 access
  0,00    0,000000           0         1           execve
  0,00    0,000000           0         2         1 arch_prctl
------ ----------- ----------- --------- --------- ----------------
100.00    0,042180                  5232      1694 total
Ejecutando Prueba nº 57
% time     seconds  usecs/call     calls    errors syscall
------ ----------- ----------- --------- --------- ----------------
 88,24    0,039836          11      3456           brk
  7,03    0,003173           3      1039      1034 openat
  4,24    0,001914           2       752       658 stat
  0,23    0,000104           4        24           mmap
  0,08    0,000036          36         1           write
  0,05    0,000021           3         7           mprotect
  0,04    0,000019           3         6           fstat
  0,03    0,000013           2         6           pread64
  0,02    0,000011           2         4           read
  0,02    0,000010           2         5           close
  0,02    0,000007           3         2           clock_gettime
  0,00    0,000002           1         2         1 arch_prctl
  0,00    0,000000           0         1           munmap
  0,00    0,000000           0         1         1 access
  0,00    0,000000           0         1           execve
------ ----------- ----------- --------- --------- ----------------
100.00    0,045146                  5307      1694 total
Ejecutando Prueba nº 58
% time     seconds  usecs/call     calls    errors syscall
------ ----------- ----------- --------- --------- ----------------
 89,03    0,042691          12      3531           brk
  6,56    0,003148           3      1039      1034 openat
  3,95    0,001894           2       752       658 stat
  0,20    0,000096           4        24           mmap
  0,08    0,000036           5         7           mprotect
  0,04    0,000017          17         1           write
  0,03    0,000015          15         1           munmap
  0,03    0,000013           3         4           read
  0,03    0,000013           2         6           fstat
  0,03    0,000012           2         6           pread64
  0,02    0,000009           1         5           close
  0,01    0,000006           3         2           clock_gettime
  0,00    0,000002           1         2         1 arch_prctl
  0,00    0,000000           0         1         1 access
  0,00    0,000000           0         1           execve
------ ----------- ----------- --------- --------- ----------------
100.00    0,047952                  5382      1694 total
Ejecutando Prueba nº 59
% time     seconds  usecs/call     calls    errors syscall
------ ----------- ----------- --------- --------- ----------------
 98,54    0,047111          13      3606           brk
  1,09    0,000522           0      1039      1034 openat
  0,12    0,000055           2        24           mmap
  0,10    0,000046           6         7           mprotect
  0,04    0,000017          17         1           write
  0,03    0,000015          15         1           munmap
  0,03    0,000013           2         6           pread64
  0,02    0,000010           1         6           fstat
  0,02    0,000009           4         2           clock_gettime
  0,01    0,000006           1         4           read
  0,01    0,000005           1         5           close
  0,00    0,000002           1         2         1 arch_prctl
  0,00    0,000000           0       752       658 stat
  0,00    0,000000           0         1         1 access
  0,00    0,000000           0         1           execve
------ ----------- ----------- --------- --------- ----------------
100.00    0,047811                  5457      1694 total
Ejecutando Prueba nº 60
% time     seconds  usecs/call     calls    errors syscall
------ ----------- ----------- --------- --------- ----------------
 97,61    0,044400          12      3681           brk
  2,00    0,000911           0      1039      1034 openat
  0,19    0,000085           3        24           mmap
  0,07    0,000031           4         7           mprotect
  0,03    0,000015           2         6           pread64
  0,03    0,000014          14         1           munmap
  0,02    0,000010           2         4           read
  0,02    0,000008           1         6           fstat
  0,02    0,000007           1         5           close
  0,01    0,000003           1         2           clock_gettime
  0,00    0,000002           1         2         1 arch_prctl
  0,00    0,000000           0         1           write
  0,00    0,000000           0       752       658 stat
  0,00    0,000000           0         1         1 access
  0,00    0,000000           0         1           execve
------ ----------- ----------- --------- --------- ----------------
100.00    0,045486                  5532      1694 total
Ejecutando Prueba nº 61
% time     seconds  usecs/call     calls    errors syscall
------ ----------- ----------- --------- --------- ----------------
 87,91    0,041230          10      3756           brk
  7,34    0,003441           3      1039      1034 openat
  4,24    0,001990           2       752       658 stat
  0,26    0,000121           5        24           mmap
  0,08    0,000039           5         7           mprotect
  0,04    0,000020           3         6           pread64
  0,03    0,000015           3         4           read
  0,03    0,000014          14         1           munmap
  0,03    0,000013           2         6           fstat
  0,02    0,000011           2         5           close
  0,01    0,000003           1         2           clock_gettime
  0,00    0,000002           1         2         1 arch_prctl
  0,00    0,000000           0         1           write
  0,00    0,000000           0         1         1 access
  0,00    0,000000           0         1           execve
------ ----------- ----------- --------- --------- ----------------
100.00    0,046899                  5607      1694 total
Ejecutando Prueba nº 62
% time     seconds  usecs/call     calls    errors syscall
------ ----------- ----------- --------- --------- ----------------
 99,71    0,048916          12      3831           brk
  0,07    0,000035           5         7           mprotect
  0,07    0,000032           1        24           mmap
  0,04    0,000019          19         1           write
  0,03    0,000017          17         1           munmap
  0,03    0,000015           0      1039      1034 openat
  0,02    0,000008           4         2           clock_gettime
  0,01    0,000007           1         6           fstat
  0,01    0,000003           0         4           read
  0,00    0,000002           0         5           close
  0,00    0,000002           1         2         1 arch_prctl
  0,00    0,000000           0       752       658 stat
  0,00    0,000000           0         6           pread64
  0,00    0,000000           0         1         1 access
  0,00    0,000000           0         1           execve
------ ----------- ----------- --------- --------- ----------------
100.00    0,049056                  5682      1694 total
Ejecutando Prueba nº 63
% time     seconds  usecs/call     calls    errors syscall
------ ----------- ----------- --------- --------- ----------------
 89,50    0,045749          11      3906           brk
  6,54    0,003343           3      1039      1034 openat
  3,54    0,001809           2       752       658 stat
  0,25    0,000129           5        24           mmap
  0,06    0,000032           4         7           mprotect
  0,03    0,000014           3         4           read
  0,02    0,000012           2         6           fstat
  0,02    0,000012           2         6           pread64
  0,02    0,000011           2         5           close
  0,01    0,000003           1         2         1 arch_prctl
  0,00    0,000000           0         1           write
  0,00    0,000000           0         1           munmap
  0,00    0,000000           0         1         1 access
  0,00    0,000000           0         1           execve
  0,00    0,000000           0         2           clock_gettime
------ ----------- ----------- --------- --------- ----------------
100.00    0,051114                  5757      1694 total
Ejecutando Prueba nº 64
% time     seconds  usecs/call     calls    errors syscall
------ ----------- ----------- --------- --------- ----------------
 93,18    0,050063          12      3981           brk
  4,30    0,002311           2      1039      1034 openat
  1,99    0,001070           1       752       658 stat
  0,25    0,000133           5        24           mmap
  0,07    0,000039           5         7           mprotect
  0,05    0,000028           7         4           read
  0,03    0,000018          18         1           write
  0,03    0,000016           2         6           fstat
  0,03    0,000014          14         1           munmap
  0,02    0,000013           2         5           close
  0,02    0,000012           2         6           pread64
  0,02    0,000010           5         2           clock_gettime
  0,00    0,000002           1         2         1 arch_prctl
  0,00    0,000000           0         1         1 access
  0,00    0,000000           0         1           execve
------ ----------- ----------- --------- --------- ----------------
100.00    0,053729                  5832      1694 total
Ejecutando Prueba nº 65
% time     seconds  usecs/call     calls    errors syscall
------ ----------- ----------- --------- --------- ----------------
 91,58    0,053780          13      4056           brk
  5,27    0,003096           2      1039      1034 openat
  2,69    0,001578           2       752       658 stat
  0,24    0,000142           5        24           mmap
  0,07    0,000042           6         7           mprotect
  0,05    0,000031           5         6           pread64
  0,02    0,000014           2         6           fstat
  0,02    0,000014          14         1           munmap
  0,02    0,000012           3         4           read
  0,02    0,000012           2         5           close
  0,01    0,000003           1         2           clock_gettime
  0,00    0,000002           1         2         1 arch_prctl
  0,00    0,000000           0         1           write
  0,00    0,000000           0         1         1 access
  0,00    0,000000           0         1           execve
------ ----------- ----------- --------- --------- ----------------
100.00    0,058726                  5907      1694 total
Ejecutando Prueba nº 66
% time     seconds  usecs/call     calls    errors syscall
------ ----------- ----------- --------- --------- ----------------
 91,13    0,056536          13      4195           brk
  5,39    0,003346           3      1039      1034 openat
  3,12    0,001938           2       752       658 stat
  0,16    0,000102           4        24           mmap
  0,05    0,000033           4         7           mprotect
  0,03    0,000016          16         1           write
  0,02    0,000014           2         6           fstat
  0,02    0,000012          12         1           munmap
  0,02    0,000012           2         6           pread64
  0,02    0,000011           2         4           read
  0,02    0,000011           2         5           close
  0,01    0,000008           4         2           clock_gettime
  0,00    0,000002           1         2         1 arch_prctl
  0,00    0,000000           0         1         1 access
  0,00    0,000000           0         1           execve
------ ----------- ----------- --------- --------- ----------------
100.00    0,062041                  6046      1694 total
Ejecutando Prueba nº 67
% time     seconds  usecs/call     calls    errors syscall
------ ----------- ----------- --------- --------- ----------------
 92,28    0,057674          10      5278           brk
  4,52    0,002825           2      1039      1034 openat
  2,73    0,001707           2       752       658 stat
  0,28    0,000176         176         1           execve
  0,12    0,000074           3        24           mmap
  0,02    0,000010           1         6           pread64
  0,01    0,000006           1         4           read
  0,01    0,000006           0         7           mprotect
  0,01    0,000006           6         1         1 access
  0,01    0,000005           1         5           close
  0,01    0,000005           0         6           fstat
  0,00    0,000003           1         2         1 arch_prctl
  0,00    0,000000           0         1           write
  0,00    0,000000           0         1           munmap
  0,00    0,000000           0         2           clock_gettime
------ ----------- ----------- --------- --------- ----------------
100.00    0,062497                  7129      1694 total
Ejecutando Prueba nº 68
% time     seconds  usecs/call     calls    errors syscall
------ ----------- ----------- --------- --------- ----------------
 94,70    0,066863          11      5706           brk
  2,89    0,002040           1      1039      1034 openat
  2,37    0,001673           2       752       658 stat
  0,02    0,000017          17         1           write
  0,01    0,000006           3         2           clock_gettime
  0,00    0,000003           0         6           fstat
  0,00    0,000000           0         4           read
  0,00    0,000000           0         5           close
  0,00    0,000000           0        24           mmap
  0,00    0,000000           0         7           mprotect
  0,00    0,000000           0         1           munmap
  0,00    0,000000           0         6           pread64
  0,00    0,000000           0         1         1 access
  0,00    0,000000           0         1           execve
  0,00    0,000000           0         2         1 arch_prctl
------ ----------- ----------- --------- --------- ----------------
100.00    0,070602                  7557      1694 total
Ejecutando Prueba nº 69
% time     seconds  usecs/call     calls    errors syscall
------ ----------- ----------- --------- --------- ----------------
 91,60    0,061407          10      5806           brk
  5,06    0,003392           3      1039      1034 openat
  2,98    0,002001           2       752       658 stat
  0,16    0,000107           4        24           mmap
  0,06    0,000038           5         7           mprotect
  0,03    0,000018          18         1           write
  0,03    0,000017           2         6           pread64
  0,02    0,000014           2         6           fstat
  0,02    0,000013          13         1           munmap
  0,02    0,000012           3         4           read
  0,01    0,000010           2         5           close
  0,01    0,000006           3         2           clock_gettime
  0,00    0,000002           1         2         1 arch_prctl
  0,00    0,000000           0         1         1 access
  0,00    0,000000           0         1           execve
------ ----------- ----------- --------- --------- ----------------
100.00    0,067037                  7657      1694 total
Ejecutando Prueba nº 70
% time     seconds  usecs/call     calls    errors syscall
------ ----------- ----------- --------- --------- ----------------
 95,34    0,066082          11      5906           brk
  2,94    0,002038           1      1039      1034 openat
  1,35    0,000936           1       752       658 stat
  0,16    0,000113           4        24           mmap
  0,06    0,000043           6         7           mprotect
  0,05    0,000032          32         1           write
  0,02    0,000016          16         1           munmap
  0,02    0,000015           2         6           fstat
  0,02    0,000011           2         4           read
  0,01    0,000009           1         5           close
  0,01    0,000009           4         2           clock_gettime
  0,01    0,000006           1         6           pread64
  0,00    0,000002           1         2         1 arch_prctl
  0,00    0,000000           0         1         1 access
  0,00    0,000000           0         1           execve
------ ----------- ----------- --------- --------- ----------------
100.00    0,069312                  7757      1694 total
Ejecutando Prueba nº 71
% time     seconds  usecs/call     calls    errors syscall
------ ----------- ----------- --------- --------- ----------------
 95,28    0,068750          11      6006           brk
  2,93    0,002116           2      1039      1034 openat
  1,40    0,001008           1       752       658 stat
  0,17    0,000121           5        24           mmap
  0,07    0,000049          49         1           write
  0,05    0,000036           5         7           mprotect
  0,02    0,000015           2         6           fstat
  0,02    0,000013          13         1           munmap
  0,02    0,000012           3         4           read
  0,02    0,000012           2         6           pread64
  0,01    0,000010           2         5           close
  0,01    0,000008           4         2           clock_gettime
  0,00    0,000002           1         2         1 arch_prctl
  0,00    0,000000           0         1         1 access
  0,00    0,000000           0         1           execve
------ ----------- ----------- --------- --------- ----------------
100.00    0,072152                  7857      1694 total
Ejecutando Prueba nº 72
% time     seconds  usecs/call     calls    errors syscall
------ ----------- ----------- --------- --------- ----------------
 91,99    0,068057          11      6106           brk
  4,66    0,003451           3      1039      1034 openat
  2,78    0,002058           2       752       658 stat
  0,23    0,000167         167         1           execve
  0,15    0,000112           4        24           mmap
  0,05    0,000038           5         7           mprotect
  0,03    0,000022          22         1           write
  0,02    0,000015           2         6           fstat
  0,02    0,000013          13         1           munmap
  0,02    0,000012           2         6           pread64
  0,01    0,000010           2         4           read
  0,01    0,000009           1         5           close
  0,01    0,000009           4         2           clock_gettime
  0,01    0,000005           5         1         1 access
  0,01    0,000004           2         2         1 arch_prctl
------ ----------- ----------- --------- --------- ----------------
100.00    0,073982                  7957      1694 total
Ejecutando Prueba nº 73
% time     seconds  usecs/call     calls    errors syscall
------ ----------- ----------- --------- --------- ----------------
 92,56    0,071132          11      6206           brk
  4,42    0,003394           3      1039      1034 openat
  2,72    0,002092           2       752       658 stat
  0,15    0,000117           4        24           mmap
  0,05    0,000041           5         7           mprotect
  0,02    0,000018           3         6           pread64
  0,02    0,000017          17         1           munmap
  0,02    0,000013           3         4           read
  0,01    0,000011           1         6           fstat
  0,01    0,000010           2         5           close
  0,00    0,000003           1         2           clock_gettime
  0,00    0,000002           1         2         1 arch_prctl
  0,00    0,000000           0         1           write
  0,00    0,000000           0         1         1 access
  0,00    0,000000           0         1           execve
------ ----------- ----------- --------- --------- ----------------
100.00    0,076850                  8057      1694 total
Ejecutando Prueba nº 74
% time     seconds  usecs/call     calls    errors syscall
------ ----------- ----------- --------- --------- ----------------
 92,90    0,073949          11      6306           brk
  4,25    0,003386           3      1039      1034 openat
  2,53    0,002013           2       752       658 stat
  0,13    0,000102           4        24           mmap
  0,06    0,000051           7         7           mprotect
  0,03    0,000020          20         1           munmap
  0,02    0,000018          18         1           write
  0,02    0,000014           2         6           fstat
  0,02    0,000012           3         4           read
  0,02    0,000012           2         6           pread64
  0,01    0,000011           5         2           clock_gettime
  0,01    0,000010           2         5           close
  0,00    0,000002           1         2         1 arch_prctl
  0,00    0,000000           0         1         1 access
  0,00    0,000000           0         1           execve
------ ----------- ----------- --------- --------- ----------------
100.00    0,079600                  8157      1694 total
Ejecutando Prueba nº 75
% time     seconds  usecs/call     calls    errors syscall
------ ----------- ----------- --------- --------- ----------------
 99,96    0,073752          11      6406           brk
  0,03    0,000021          21         1           write
  0,01    0,000004           0         6           fstat
  0,00    0,000003           1         2           clock_gettime
  0,00    0,000000           0         4           read
  0,00    0,000000           0         5           close
  0,00    0,000000           0       752       658 stat
  0,00    0,000000           0        24           mmap
  0,00    0,000000           0         7           mprotect
  0,00    0,000000           0         1           munmap
  0,00    0,000000           0         6           pread64
  0,00    0,000000           0         1         1 access
  0,00    0,000000           0         1           execve
  0,00    0,000000           0         2         1 arch_prctl
  0,00    0,000000           0      1039      1034 openat
------ ----------- ----------- --------- --------- ----------------
100.00    0,073780                  8257      1694 total
Ejecutando Prueba nº 76
% time     seconds  usecs/call     calls    errors syscall
------ ----------- ----------- --------- --------- ----------------
 96,53    0,078459          12      6506           brk
  2,36    0,001915           1      1039      1034 openat
  0,80    0,000647           0       752       658 stat
  0,16    0,000129           5        24           mmap
  0,07    0,000059           8         7           mprotect
  0,02    0,000015           2         6           fstat
  0,02    0,000015          15         1           munmap
  0,02    0,000014           3         4           read
  0,02    0,000013           2         6           pread64
  0,01    0,000012           2         5           close
  0,00    0,000003           1         2           clock_gettime
  0,00    0,000002           1         2         1 arch_prctl
  0,00    0,000000           0         1           write
  0,00    0,000000           0         1         1 access
  0,00    0,000000           0         1           execve
------ ----------- ----------- --------- --------- ----------------
100.00    0,081283                  8357      1694 total
Ejecutando Prueba nº 77
% time     seconds  usecs/call     calls    errors syscall
------ ----------- ----------- --------- --------- ----------------
 94,55    0,075320          11      6606           brk
  3,39    0,002699           2      1039      1034 openat
  1,70    0,001356           1       752       658 stat
  0,16    0,000131           5        24           mmap
  0,05    0,000043           6         7           mprotect
  0,03    0,000022          22         1           munmap
  0,02    0,000017          17         1           write
  0,02    0,000017           2         6           fstat
  0,02    0,000016           3         5           close
  0,02    0,000016           8         2           clock_gettime
  0,02    0,000013           3         4           read
  0,02    0,000013           2         6           pread64
  0,00    0,000002           1         2         1 arch_prctl
  0,00    0,000000           0         1         1 access
  0,00    0,000000           0         1           execve
------ ----------- ----------- --------- --------- ----------------
100.00    0,079665                  8457      1694 total
Ejecutando Prueba nº 78
% time     seconds  usecs/call     calls    errors syscall
------ ----------- ----------- --------- --------- ----------------
 93,48    0,081025          12      6706           brk
  3,93    0,003410           3      1039      1034 openat
  2,27    0,001971           2       752       658 stat
  0,14    0,000123           5        24           mmap
  0,06    0,000048           6         7           mprotect
  0,02    0,000019          19         1           write
  0,02    0,000017           2         6           fstat
  0,02    0,000016          16         1           munmap
  0,02    0,000014           3         4           read
  0,01    0,000012           2         6           pread64
  0,01    0,000011           2         5           close
  0,01    0,000008           4         2           clock_gettime
  0,00    0,000003           1         2         1 arch_prctl
  0,00    0,000000           0         1         1 access
  0,00    0,000000           0         1           execve
------ ----------- ----------- --------- --------- ----------------
100.00    0,086677                  8557      1694 total
Ejecutando Prueba nº 79
