2.5e-05
1.35e-05
1.3e-05
1.5000000000000002e-05
3.6e-05
7.4999999999999926e-06
2.5000000000000066e-06
7.0000000000000075e-06
6.499999999999995e-06
0.00015750000000000003
8.100000000000002e-05
5.000000000000002e-05
0.00026599999999999974
0.0011874999999999976
0.0044459999999999986
0.012061500000000003
0.062728
0.16157600000000003
0.258081
0.32364000000000004
0.5461749999999999
0.5878600000000003
0.5497749999999999
0.3575750000000002
0.058945000000000025
0.1288999999999998
0.8359499999999995
0.5988500000000005
0.17770000000000152
0.13074999999999903
0.23874999999999957
0.0864500000000028
0.2163499999999985
0.25615000000000165
0.4916499999999999
0.08340000000000458
0.4553500000000028
0.5685000000000002
0.07199999999999562
0.2805000000000035
0.5185000000000031
0.3725000000000023
0.819500000000005
0.09500000000001306
0.06550000000000011
0.8050000000000068
0.3894999999999982
0.02250000000000796
1.0144999999999982
0.6415000000000077
1.717000000000013
1.0065000000000168
2.3915000000000077
4.795500000000004
2.0779999999999745
2.405499999999961
4.039500000000032
2.6905000000000427
4.649000000000001
4.949000000000012
3.144999999999982
2.892500000000041
2.1469999999999914
3.5550000000000637
3.7749999999999773
3.3099999999999454
